2814130
2814132
2814138
2814143
2814148
2814157
2814163
2814172
2814173
2814173
2814181
2814187
2814193
2814204
2814214
2814222
2814224
2814234
2814235
2814241
2814250
2814250
2814255
2814264
2814265
2814270
2814285
2814285
2814286
2814287
2814287
2814299
2814301
2814303
2814305
2814307
2814314
2814315
2814322
2814323
2814324
2814327
2814329
2814334
2814335
2814335
2814337
2814339
2814341
2814342
2814344
2814344
2814345
2814348
2814351
2814354
2814360
2814360
2814364
2814368
2814371
2814376
2814376
2814377
2814378
2814386
2814395
2814399
2814404
2814416
2814421
2814424
2814424
2814427
2814428
2814435
2814435
2814436
2814443
2814456
2814466
2814469
2814474
2814474
2814478
2814482
2814484
2814485
2814486
2814494
2814495
2814498
2814505
2814507
2814507
2814511
2814512
2814521
2814522
2814528
2814531
2814534
2814534
2814562
2814562
2814562
2814562
2814562
2814562
2814562
2814562
2814569
2814573
2814576
2814577
2814580
2814588
2814599
2814616
2814618
2814619
2814627
2814630
2814631
2814637
2814640
2814644
2814655
2814659
2814661
2814664
2814664
2814667
2814680
2814681
2814683
2814690
2814703
2814703
2814706
2814709
2814709
2814712
2814713
2814721
2814727
2814731
2814742
2814743
2814751
2814763
2814764
2814766
2814767
2814774
2814776
2814776
2814779
2814786
2814790
2814796
2814797
2814806
2814810
2814817
2814817
2814824
2814828
2814831
2814831
2814831
2814839
2814839
2814840
2814844
2814844
2814846
2814846
2814857
2814861
2814864
2814867
2814867
2814871
2814875
2814879
2814880
2814887
2814896
2814903
2814906
2814906
2814909
2814921
2814937
2814939
2814941
2814942
2814944
2814944
2814949
2814949
2814952
2814974
2814981
2814981
2814984
2814985
2814985
2814985
2814987
2814988
2814989
2814993
2814994
2814995
2814996
2814997
2814997
2814997
2814997
2814997
2814999
2815004
2815010
2815011
2815012
2815016
2815017
2815026
2815028
2815029
2815031
2815038
2815038
2815038
2815043
2815043
2815050
2815051
2815056
2815057
2815059
2815063
2815068
2815074
2815080
2815091
2815093
2815094
2815104
2815105
2815112
2815114
2815117
2815121
2815122
2815126
2815127
2815132
2815136
2815138
2815141
2815142
2815150
2815151
2815154
2815157
2815159
2815161
2815161
2815175
2815182
2815182
2815184
2815185
2815191
2815193
2815193
2815197
2815201
2815201
2815206
2815212
2815221
2815223
2815226
2815228
2815231
2815232
2815238
2815240
2815241
2815263
2815267
2815269
2815269
2815270
2815270
2815276
2815279
2815281
2815285
2815286
2815295
2815306
2815316
2815316
2815317
2815318
2815323
2815325
2815329
2815329
2815330
2815330
2815330
2815332
2815333
2815333
2815339
2815341
2815348
2815356
2815357
2815358
2815361
2815361
2815365
2815377
2815382
2815389
2815393
2815398
2815407
2815412
2815421
2815429
2815432
2815437
2815443
2815443
2815443
2815447
2815449
2815449
2815450
2815453
2815453
2815453
2815454
2815454
2815461
2815474
2815474
2815477
2815478
2815479
2815485
2815485
2815487
2815490
2815507
2815508
2815517
2815520
2815520
2815521
2815524
2815531
2815534
2815537
2815538
2815539
2815546
2815550
2815552
2815557
2815559
2815560
2815562
2815563
2815565
2815566
2815566
2815572
2815572
2815578
2815582
2815583
2815585
2815586
2815587
2815588
2815592
2815605
2815612
2815617
2815617
2815624
2815624
2815631
2815632
2815633
2815634
2815637
2815639
2815641
2815642
2815645
2815645
2815646
2815649
2815652
2815653
2815657
2815657
2815668
2815672
2815675
2815678
2815683
2815685
2815688
2815689
2815694
2815699
2815700
2815715
2815716
2815722
2815724
2815726
2815728
2815729
2815733
2815734
2815738
2815747
2815748
2815750
2815754
2815755
2815758
2815759
2815762
2815766
2815767
2815769
2815770
2815771
2815778
2815785
2815786
2815791
2815791
2815795
2815796
2815796
2815800
2815807
2815815
2815819
2815823
2815823
2815824
2815824
2815832
2815834
2815836
2815838
2815842
2815848
2815852
2815856
2815856
2815858
2815866
2815867
2815876
2815876
2815887
2815888
2815888
2815890
2815894
2815898
2815898
2815915
2815920
2815928
2815928
2815929
2815930
2815931
2815932
2815933
2815933
2815934
2815934
2815935
2815939
2815940
2815941
2815942
2815950
2815956
2815959
2815959
2815963
2815963
2815967
2815968
2815970
2815972
2815975
2815982
2815985
2815990
2815991
2815991
2815996
2815997
2815998
2815998
2816001
2816005
2816005
2816012
2816013
2816014
2816014
2816017
2816018
2816019
2816026
2816026
2816028
2816032
2816034
2816035
2816040
2816046
2816046
2816048
2816049
2816054
2816058
2816059
2816061
2816066
2816067
2816068
2816069
2816072
2816092
2816098
2816105
2816106
2816117
2816119
2816120
2816120
2816122
2816123
2816136
2816137
2816143
2816144
2816147
2816148
2816151
2816152
2816164
2816169
2816172
2816178
2816178
2816182
2816182
2816182
2816182
2816183
2816183
2816186
2816188
2816190
2816194
2816198
2816205
2816205
2816210
2816218
2816219
2816220
2816221
2816242
2816251
2816253
2816258
2816260
2816267
2816267
2816282
2816285
2816288
2816291
2816293
2816296
2816297
2816297
2816301
2816313
2816317
2816318
2816319
2816325
2816330
2816331
2816335
2816336
2816340
2816341
2816341
2816351
2816351
2816353
2816357
2816357
2816357
2816361
2816370
2816373
2816376
2816376
2816377
2816380
2816381
2816382
2816382
2816386
2816386
2816386
2816388
2816393
2816399
2816403
2816403
2816408
2816413
2816415
2816415
2816416
2816429
2816429
2816429
2816437
2816441
2816447
2816452
2816454
2816456
2816463
2816467
2816468
2816470
2816474
2816477
2816483
2816489
2816497
2816497
2816498
2816499
2816504
2816507
2816511
2816514
2816517
2816519
2816525
2816528
2816529
2816531
2816535
2816537
2816538
2816541
2816547
2816552
2816553
2816560
2816569
2816578
2816592
2816592
2816594
2816601
2816601
2816604
2816604
2816604
2816607
2816610
2816611
2816615
2816616
2816624
2816629
2816632
2816637
2816640
2816643
2816646
2816647
2816652
2816652
2816658
2816675
2816676
2816680
2816680
2816682
2816685
2816689
2816693
2816698
2816699
2816699
2816700
2816703
2816704
2816711
2816714
2816720
2816720
2816720
2816729
2816731
2816736
2816740
2816741
2816741
2816748
2816753
2816763
2816764
2816770
2816770
2816774
2816775
2816778
2816780
2816783
2816783
2816792
2816799
2816799
2816806
2816810
2816810
2816811
2816811
2816815
2816816
2816818
2816822
2816829
2816829
2816830
2816831
2816831
2816837
2816840
2816842
2816843
2816848
2816848
2816850
2816852
2816860
2816861
2816869
2816877
2816877
2816887
2816889
2816889
2816890
2816893
2816898
2816899
2816907
2816914
2816920
2816920
2816921
2816922
2816924
2816925
2816931
2816931
2816940
2816940
2816940
2816943
2816952
2816957
2816960
2816963
2816968
2816969
2816972
2816977
2816978
2816980
2816983
2816996
2816998
2817000
2817004
2817006
2817006
2817014
2817017
2817017
2817031
2817038
2817043
2817043
2817047
2817047
2817047
2817048
2817048
2817049
2817050
2817057
2817060
2817067
2817076
2817077
2817081
2817083
2817088
2817091
2817092
2817096
2817098
2817099
2817100
2817107
2817109
2817109
2817110
2817110
2817112
2817115
2817121
2817124
2817124
2817126
2817127
2817128
2817129
2817134
2817141
2817146
2817147
2817149
2817152
2817156
2817156
2817159
2817164
2817165
2817170
2817172
2817174
2817176
2817192
2817200
2817203
2817205
2817212
2817213
2817216
2817216
2817221
2817221
2817225
2817231
2817234
2817236
2817242
2817244
2817245
2817245
2817246
2817246
2817252
2817252
2817255
2817255
2817259
2817262
2817263
2817266
2817268
2817273
2817276
2817277
2817278
2817284
2817291
2817292
2817294
2817300
2817315
2817320
2817321
2817328
2817328
2817328
2817335
2817337
2817342
2817345
2817346
2817348
2817353
2817359
2817359
2817359
2817362
2817364
2817373
2817373
2817377
2817381
2817385
2817392
2817393
2817394
2817395
2817400
2817400
2817414
2817419
2817422
2817426
2817426
2817431
2817432
2817440
2817442
2817444
2817446
2817446
2817447
2817455
2817456
2817458
2817462
2817462
2817464
2817476
2817485
2817491
2817492
2817497
2817497
2817501
2817504
2817506
2817507
2817507
2817508
2817513
2817514
2817520
2817522
2817523
2817529
2817533
2817533
2817538
2817539
2817539
2817539
2817540
2817545
2817553
2817556
2817560
2817562
2817567
2817571
2817571
2817573
2817576
2817579
2817579
2817580
2817590
2817591
2817592
2817596
2817606
2817615
2817616
2817617
2817625
2817634
2817638
2817641
2817645
2817645
2817651
2817654
2817656
2817658
2817658
2817660
2817667
2817669
2817670
2817672
2817675
2817675
2817683
2817685
2817697
2817701
2817708
2817709
2817718
2817728
2817738
2817745
2817748
2817752
2817754
2817755
2817756
2817758
2817760
2817760
2817763
2817773
2817778
2817778
2817781
2817782
2817793
2817793
2817797
2817799
2817801
2817802
2817807
2817811
2817813
2817814
2817818
2817824
2817826
2817838
2817839
2817840
2817850
2817854
2817866
2817866
2817866
2817866
2817879
2817881
2817881
2817883
2817886
2817890
2817892
2817894
2817902
2817902
2817905
2817909
2817909
2817918
2817925
2817926
2817926
2817929
2817929
2817930
2817936
2817938
2817940
2817941
2817943
2817944
2817949
2817952
2817961
2817966
2817967
2817972
2817973
2817975
2817984
2817984
2817988
2817989
2817989
2817993
2817996
2817997
2818001
2818003
2818007
2818021
2818022
2818032
2818033
2818035
2818041
2818043
2818044
2818045
2818048
2818056
2818057
2818057
2818059
2818064
2818065
2818069
2818069
2818074
2818074
2818074
2818080
2818082
2818092
2818097
2818105
2818108
2818111
2818112
2818116
2818124
2818124
2818125
2818128
2818128
2818134
2818136
2818137
2818138
2818139
2818139
2818142
2818144
2818149
2818158
2818159
2818159
2818163
2818176
2818179
2818182
2818183
2818190
2818192
2818203
2818206
2818211
2818212
2818212
2818212
2818212
2818213
2818214
2818219
2818224
2818229
2818232
2818233
2818234
2818235
2818236
2818240
2818241
2818245
2818245
2818246
2818248
2818250
2818254
2818258
2818262
2818268
2818279
2818283
2818283
2818283
2818285
2818289
2818290
2818291
2818292
2818301
2818303
2818305
2818306
2818308
2818309
2818315
2818320
2818328
2818346
2818351
2818352
2818353
2818357
2818358
2818363
2818365
2818369
2818369
2818375
2818375
2818383
2818383
2818384
2818387
2818388
2818389
2818390
2818391
2818395
2818396
2818396
2818399
2818402
2818413
2818416
2818418
2818419
2818419
2818421
2818424
2818426
2818430
2818437
2818444
2818446
2818453
2818453
2818456
2818458
2818460
2818462
2818463
2818469
2818476
2818476
2818485
2818495
2818497
2818498
2818500
2818504
2818510
2818520
2818520
2818520
2818525
2818529
2818533
2818533
2818537
2818545
2818559
2818561
2818564
2818572
2818575
2818575
2818575
2818578
2818584
2818585
2818587
2818599
2818610
2818614
2818625
2818627
2818628
2818629
2818629
2818633
2818636
2818637
2818638
2818652
2818657
2818657
2818667
2818668
2818670
2818672
2818674
2818681
2818683
2818683
2818688
2818689
2818692
2818693
2818696
2818701
2818705
2818707
2818708
2818709
2818720
2818724
2818727
2818727
2818728
2818735
2818737
2818739
2818749
2818752
2818756
2818760
2818763
2818767
2818768
2818774
2818776
2818776
2818776
2818778
2818781
2818788
2818793
2818794
2818796
2818800
2818802
2818808
2818814
2818814
2818814
2818825
2818826
2818826
2818828
2818829
2818829
2818830
2818835
2818837
2818842
2818846
2818851
2818852
2818853
2818856
2818858
2818860
2818866
2818876
2818881
2818881
2818892
2818893
2818894
2818895
2818899
2818905
2818907
2818907
2818908
2818924
2818938
2818942
2818942
2818943
2818948
2818955
2818955
2818963
2818964
2818971
2818974
2818982
2818983
2818983
2818986
2818989
2818989
2818991
2818992
2818998
2819002
2819005
2819007
2819008
2819010
2819010
2819013
2819016
2819016
2819021
2819026
2819032
2819035
2819036
2819037
2819040
2819043
2819045
2819049
2819049
2819050
2819052
2819054
2819060
2819061
2819065
2819067
2819067
2819071
2819071
2819076
2819081
2819089
2819097
2819101
2819105
2819106
2819107
2819112
2819118
2819119
2819120
2819125
2819129
2819131
2819132
2819133
2819134
2819143
2819148
2819150
2819152
2819155
2819158
2819161
2819164
2819171
2819171
2819174
2819177
2819177
2819179
2819180
2819184
2819186
2819190
2819190
2819198
2819209
2819217
2819217
2819218
2819219
2819221
2819221
2819228
2819230
2819231
2819232
2819234
2819239
2819240
2819247
2819258
2819259
2819261
2819263
2819265
2819267
2819267
2819269
2819270
2819275
2819279
2819280
2819284
2819285
2819285
2819289
2819305
2819309
2819309
2819310
2819310
2819312
2819312
2819315
2819331
2819333
2819341
2819348
2819351
2819351
2819354
2819362
2819369
2819388
2819391
2819396
2819396
2819399
2819399
2819399
2819401
2819412
2819416
2819422
2819425
2819426
2819426
2819431
2819433
2819436
2819438
2819444
2819447
2819449
2819450
2819451
2819453
2819458
2819460
2819465
2819469
2819471
2819471
2819480
2819486
2819486
2819488
2819493
2819495
2819497
2819503
2819506
2819508
2819509
2819510
2819510
2819518
2819523
2819527
2819528
2819529
2819534
2819536
2819538
2819540
2819541
2819541
2819542
2819542
2819556
2819557
2819557
2819557
2819559
2819562
2819563
2819564
2819566
2819572
2819582
2819582
2819583
2819587
2819587
2819588
2819589
2819592
2819597
2819599
2819618
2819618
2819618
2819618
2819618
2819621
2819626
2819627
2819627
2819632
2819639
2819643
2819645
2819657
2819665
2819665
2819670
2819672
2819678
2819680
2819681
2819683
2819691
2819694
2819697
2819698
2819702
2819706
2819706
2819716
2819718
2819719
2819735
2819735
2819745
2819751
2819752
2819753
2819760
2819760
2819763
2819764
2819766
2819769
2819769
2819772
2819773
2819776
2819781
2819783
2819785
2819785
2819789
2819791
2819793
2819794
2819794
2819795
2819795
2819799
2819799
2819799
2819799
2819800
2819800
2819806
2819807
2819814
2819818
2819819
2819820
2819830
2819831
2819834
2819836
2819839
2819842
2819850
2819867
2819873
2819873
2819878
2819879
2819882
2819894
2819895
2819901
2819906
2819906
2819911
2819921
2819932
2819934
2819942
2819949
2819953
2819959
2819962
2819964
2819968
2819968
2819969
2819975
2819977
2819979
2819979
2819982
2819985
2819990
2819991
2819991
2819994
2819998
2820004
2820006
2820010
2820011
2820012
2820012
2820013
2820017
2820017
2820017
2820019
2820028
2820029
2820039
2820039
2820040
2820040
2820043
2820043
2820056
2820056
2820057
2820061
2820067
2820070
2820072
2820080
2820082
2820087
2820089
2820089
2820101
2820105
2820109
2820111
2820112
2820120
2820129
2820129
2820130
2820132
2820139
2820141
2820141
2820145
2820148
2820149
2820153
2820156
2820158
2820161
2820165
2820166
2820171
2820180
2820185
2820189
2820190
2820190
2820198
2820203
2820205
2820215
2820224
2820228
2820231
2820235
2820236
2820243
2820245
2820245
2820247
2820250
2820251
2820253
2820253
2820263
2820267
2820268
2820271
2820277
2820279
2820281
2820281
2820285
2820286
2820290
2820297
2820304
2820305
2820305
2820307
2820307
2820309
2820311
2820318
2820319
2820323
2820328
2820328
2820328
2820330
2820331
2820333
2820334
2820338
2820341
2820342
2820348
2820350
2820352
2820354
2820354
2820356
2820357
2820361
2820376
2820376
2820377
2820384
2820385
2820386
2820391
2820394
2820394
2820396
2820407
2820409
2820410
2820417
2820420
2820422
2820427
2820432
2820433
2820436
2820437
2820437
2820438
2820445
2820447
2820448
2820449
2820461
2820462
2820462
2820463
2820464
2820464
2820469
2820470
2820470
2820475
2820487
2820489
2820492
2820493
2820496
2820497
2820500
2820501
2820509
2820510
2820510
2820512
2820513
2820515
2820516
2820522
2820522
2820532
2820538
2820538
2820539
2820542
2820546
2820549
2820550
2820559
2820569
2820569
2820571
2820573
2820573
2820587
2820588
2820589
2820591
2820591
2820592
2820594
2820600
2820601
2820602
2820602
2820615
2820618
2820619
2820637
2820637
2820637
2820637
2820637
2820637
2820642
2820646
2820650
2820651
2820655
2820656
2820670
2820674
2820687
2820690
2820690
2820691
2820703
2820706
2820706
2820708
2820708
2820714
2820714
2820715
2820716
2820718
2820720
2820726
2820726
2820727
2820739
2820744
2820745
2820750
2820754
2820761
2820764
2820765
2820768
2820770
2820771
2820772
2820781
2820784
2820790
2820799
2820802
2820803
2820804
2820804
2820812
2820817
2820819
2820820
2820823
2820828
2820828
2820829
2820836
2820839
2820840
2820840
2820845
2820851
2820853
2820854
2820870
2820871
2820872
2820877
2820879
2820881
2820883
2820883
2820890
2820896
2820897
2820906
2820908
2820910
2820912
2820913
2820914
2820915
2820927
2820927
2820929
2820932
2820936
2820938
2820940
2820943
2820949
2820951
2820956
2820963
2820963
2820967
2820968
2820974
2820981
2820983
2820984
2820997
2821007
2821008
2821008
2821008
2821008
2821015
2821020
2821029
2821032
2821042
2821042
2821062
2821063
2821063
2821066
2821070
2821071
2821071
2821076
2821077
2821086
2821096
2821102
2821105
2821107
2821109
2821109
2821121
2821125
2821125
2821127
2821130
2821134
2821134
2821148
2821149
2821151
2821154
2821154
2821154
2821155
2821157
2821161
2821162
2821164
2821164
2821180
2821182
2821186
2821190
2821202
2821207
2821216
2821216
2821222
2821222
2821222
2821226
2821231
2821231
2821231
2821233
2821236
2821242
2821250
2821257
2821264
2821264
2821268
2821272
2821276
2821277
2821277
2821284
2821285
2821292
2821295
2821297
2821303
2821307
2821312
2821313
2821317
2821320
2821321
2821328
2821329
2821332
2821334
2821339
2821347
2821347
2821350
2821353
2821366
2821366
2821366
2821373
2821374
2821376
2821381
2821384
2821385
2821389
2821393
2821393
2821394
2821400
2821407
2821415
2821420
2821420
2821422
2821422
2821426
2821426
2821429
2821432
2821435
2821439
2821440
2821448
2821455
2821455
2821457
2821457
2821459
2821459
2821461
2821468
2821468
2821469
2821469
2821470
2821477
2821485
2821485
2821486
2821489
2821490
2821491
2821494
2821498
2821498
2821503
2821506
2821514
2821517
2821518
2821528
2821535
2821541
2821541
2821545
2821545
2821548
2821548
2821549
2821557
2821559
2821562
2821567
2821569
2821572
2821572
2821574
2821579
2821585
2821585
2821586
2821588
2821588
2821589
2821598
2821604
2821608
2821616
2821617
2821618
2821626
2821627
2821637
2821643
2821650
2821658
2821661
2821665
2821668
2821682
2821692
2821692
2821693
2821693
2821695
2821699
2821708
2821709
2821709
2821709
2821712
2821716
2821716
2821720
2821722
2821728
2821732
2821737
2821743
2821744
2821744
2821746
2821751
2821760
2821764
2821764
2821770
2821771
2821773
2821777
2821790
2821797
2821802
2821808
2821815
2821815
2821824
2821825
2821836
2821836
2821838
2821844
2821844
2821847
2821849
2821852
2821853
2821855
2821858
2821859
2821860
2821862
2821862
2821866
2821866
2821872
2821872
2821872
2821882
2821888
2821892
2821894
2821903
2821904
2821907
2821911
2821914
2821919
2821919
2821922
2821926
2821928
2821928
2821931
2821934
2821937
2821947
2821948
2821949
2821951
2821965
2821966
2821972
2821972
2821973
2821978
2821981
2821981
2821982
2821984
2821984
2821992
2822002
2822003
2822006
2822007
2822010
2822013
2822013
2822017
2822022
2822022
2822024
2822027
2822031
2822031
2822034
2822037
2822043
2822044
2822046
2822048
2822051
2822053
2822055
2822064
2822065
2822071
2822074
2822076
2822080
2822083
2822084
2822088
2822088
2822089
2822090
2822094
2822096
2822099
2822105
2822108
2822110
2822113
2822118
2822118
2822122
2822128
2822129
2822131
2822131
2822132
2822136
2822136
2822137
2822137
2822150
2822151
2822154
2822161
2822165
2822167
2822168
2822171
2822176
2822181
2822181
2822184
2822190
2822190
2822195
2822208
2822208
2822213
2822215
2822220
2822225
2822234
2822237
2822247
2822250
2822252
2822253
2822254
2822257
2822267
2822269
2822273
2822274
2822280
2822286
2822297
2822302
2822307
2822307
2822310
2822318
2822320
2822326
2822329
2822332
2822337
2822340
2822343
2822349
2822360
2822364
2822367
2822368
2822372
2822376
2822380
2822381
2822384
2822391
2822392
2822396
2822407
2822407
2822410
2822412
2822415
2822418
2822420
2822425
2822427
2822434
2822439
2822444
2822447
2822451
2822459
2822463
2822463
2822472
2822473
2822476
2822481
2822486
2822487
2822487
2822492
2822493
2822504
2822505
2822512
2822515
2822519
2822523
2822528
2822532
2822536
2822541
2822547
2822550
2822551
2822551
2822551
2822551
2822558
2822559
2822559
2822560
2822566
2822567
2822569
2822578
2822580
2822586
2822587
2822588
2822590
2822591
2822600
2822602
2822603
2822604
2822611
2822613
2822623
2822630
2822631
2822631
2822633
2822634
2822635
2822636
2822639
2822645
2822645
2822650
2822654
2822657
2822662
2822662
2822672
2822675
2822683
2822684
2822686
2822686
2822686
2822687
2822694
2822694
2822695
2822709
2822711
2822723
2822727
2822731
2822742
2822747
2822748
2822751
2822754
2822754
2822757
2822764
2822767
2822769
2822772
2822775
2822779
2822781
2822783
2822785
2822785
2822786
2822792
2822792
2822797
2822798
2822804
2822805
2822805
2822807
2822808
2822817
2822819
2822820
2822821
2822822
2822832
2822834
2822837
2822843
2822843
2822845
2822846
2822848
2822849
2822851
2822853
2822856
2822858
2822860
2822863
2822865
2822866
2822869
2822871
2822875
2822875
2822876
2822876
2822877
2822882
2822899
2822913
2822914
2822915
2822922
2822922
2822923
2822924
2822925
2822929
2822930
2822937
2822937
2822940
2822943
2822944
2822944
2822946
2822946
2822954
2822960
2822961
2822964
2822971
2822974
2822983
2822984
2822991
2822992
2822994
2822994
2823000
2823001
2823011
2823016
2823017
2823019
2823019
2823026
2823031
2823038
2823038
2823040
2823053
2823057
2823059
2823065
2823068
2823069
2823088
2823090
2823090
2823092
2823095
2823098
2823104
2823104
2823106
2823107
2823108
2823108
2823117
2823123
2823123
2823131
2823138
2823138
2823140
2823147
2823151
2823155
2823161
2823167
2823167
2823169
2823172
2823172
2823173
2823175
2823180
2823184
2823191
2823195
2823195
2823200
2823201
2823201
2823205
2823205
2823211
2823213
2823214
2823221
2823222
2823232
2823235
2823238
2823244
2823251
2823262
2823265
2823266
2823268
2823271
2823272
2823273
2823274
2823283
2823284
2823285
2823285
2823289
2823289
2823291
2823298
2823300
2823300
2823301
2823303
2823308
2823310
2823317
2823318
2823321
2823324
2823325
2823326
2823329
2823335
2823338
2823342
2823343
2823350
2823355
2823356
2823359
2823361
2823363
2823364
2823370
2823371
2823374
2823379
2823384
2823385
2823386
2823389
2823390
2823390
2823394
2823402
2823405
2823407
2823408
2823414
2823416
2823420
2823427
2823443
2823446
2823446
2823446
2823451
2823455
2823456
2823461
2823462
2823466
2823474
2823478
2823478
2823487
2823491
2823492
2823492
2823494
2823496
2823498
2823499
2823499
2823500
2823500
2823504
2823505
2823505
2823508
2823513
2823514
2823517
2823521
2823525
2823526
2823527
2823527
2823530
2823538
2823538
2823544
2823549
2823554
2823555
2823559
2823561
2823562
2823564
2823565
2823566
2823576
2823579
2823587
2823587
2823589
2823593
2823593
2823594
2823595
2823601
2823606
2823607
2823608
2823608
2823611
2823611
2823612
2823614
2823616
2823617
2823623
2823626
2823631
2823636
2823637
2823640
2823643
2823648
2823648
2823651
2823651
2823652
2823655
2823657
2823657
2823659
2823659
2823664
2823666
2823668
2823673
2823679
2823684
2823686
2823690
2823693
2823695
2823698
2823700
2823701
2823709
2823709
2823712
2823714
2823716
2823716
2823717
2823717
2823717
2823727
2823728
2823734
2823734
2823735
2823739
2823739
2823742
2823749
2823762
2823773
2823787
2823793
2823794
2823799
2823802
2823804
2823805
2823807
2823808
2823809
2823814
2823815
2823817
2823822
2823822
2823831
2823839
2823841
2823845
2823848
2823857
2823857
2823857
2823862
2823868
2823871
2823874
2823875
2823879
2823881
2823883
2823885
2823885
2823886
2823888
2823889
2823890
2823890
2823891
2823897
2823898
2823900
2823902
2823904
2823910
2823911
2823912
2823914
2823915
2823915
2823919
2823919
2823924
2823925
2823925
2823930
2823935
2823935
2823939
2823940
2823950
2823951
2823953
2823953
2823954
2823956
2823960
2823961
2823962
2823964
2823965
2823967
2823971
2823972
2823972
2823972
2823975
2823975
2823983
2823983
2823984
2823984
2823988
2823988
2823990
2823990
2823991
2823992
2823992
2823995
2824001
2824006
2824007
2824012
2824016
2824018
2824019
2824023
2824023
2824036
2824037
2824041
2824042
2824045
2824046
2824047
2824058
2824058
2824062
2824067
2824073
2824076
2824077
2824087
2824090
2824090
2824090
2824093
2824097
2824097
2824097
2824100
2824106
2824110
2824114
2824115
2824116
2824120
2824125
2824129
2824132
2824133
2824135
2824140
2824141
2824146
2824156
2824157
2824162
2824163
2824169
2824173
2824187
2824187
2824189
2824191
2824199
2824199
2824204
2824205
2824207
2824208
2824211
2824220
2824220
2824223
2824228
2824228
2824237
2824239
2824248
2824250
2824251
2824260
2824262
2824275
2824279
2824282
2824290
2824291
2824291
2824304
2824313
2824319
2824324
2824325
2824332
2824333
2824335
2824336
2824336
2824347
2824348
2824350
2824354
2824357
2824366
2824368
2824369
2824370
2824374
2824374
2824380
2824380
2824383
2824388
2824392
2824396
2824396
2824397
2824401
2824407
2824407
2824408
2824409
2824411
2824414
2824414
2824417
2824422
2824429
2824434
2824438
2824440
2824441
2824442
2824443
2824443
2824445
2824454
2824457
2824458
2824470
2824485
2824486
2824492
2824492
2824493
2824499
2824501
2824502
2824505
2824507
2824509
2824514
2824515
2824518
2824521
2824523
2824527
2824529
2824532
2824535
2824537
2824538
2824543
2824543
2824545
2824548
2824559
2824559
2824564
2824571
2824571
2824573
2824575
2824580
2824582
2824585
2824586
2824587
2824588
2824592
2824592
2824594
2824595
2824595
2824599
2824599
2824600
2824603
2824608
2824613
2824617
2824619
2824623
2824624
2824633
2824650
2824650
2824650
2824650
2824650
2824650
2824653
2824657
2824657
2824661
2824663
2824663
2824666
2824670
2824673
2824675
2824676
2824679
2824679
2824685
2824691
2824691
2824692
2824694
2824695
2824695
2824696
2824697
2824698
2824706
2824712
2824714
2824718
2824720
2824720
2824721
2824724
2824724
2824724
2824728
2824728
2824729
2824734
2824747
2824747
2824748
2824751
2824755
2824757
2824760
2824767
2824767
2824770
2824772
2824775
2824783
2824788
2824789
2824790
2824794
2824795
2824799
2824802
2824805
2824806
2824807
2824810
2824812
2824815
2824816
2824819
2824821
2824825
2824825
2824827
2824828
2824830
2824831
2824832
2824835
2824838
2824838
2824849
2824851
2824853
2824864
2824868
2824869
2824870
2824873
2824877
2824878
2824883
2824884
2824884
2824889
2824892
2824893
2824897
2824898
2824898
2824901
2824902
2824902
2824903
2824903
2824907
2824911
2824915
2824916
2824916
2824916
2824917
2824920
2824921
2824927
2824929
2824945
2824947
2824952
2824959
2824961
2824965
2824969
2824975
2824979
2824981
2824988
2824988
2824990
2825004
2825010
2825012
2825016
2825018
2825019
2825030
2825032
2825037
2825040
2825040
2825040
2825047
2825050
2825051
2825051
2825054
2825057
2825057
2825059
2825061
2825070
2825073
2825075
2825078
2825078
2825082
2825085
2825087
2825088
2825090
2825093
2825100
2825107
2825108
2825109
2825109
2825109
2825113
2825115
2825122
2825126
2825131
2825139
2825140
2825141
2825144
2825148
2825152
2825157
2825158
2825158
2825161
2825163
2825165
2825170
2825174
2825174
2825176
2825178
2825183
2825184
2825185
2825191
2825192
2825199
2825204
2825205
2825207
2825207
2825214
2825222
2825225
2825225
2825227
2825233
2825233
2825240
2825254
2825254
2825255
2825259
2825265
2825269
2825274
2825274
2825279
2825282
2825297
2825304
2825305
2825306
2825307
2825307
2825317
2825327
2825330
2825330
2825332
2825333
2825335
2825341
2825342
2825346
2825348
2825354
2825356
2825357
2825367
2825370
2825370
2825372
2825374
2825377
2825378
2825383
2825385
2825392
2825396
2825400
2825402
2825413
2825416
2825416
2825417
2825419
2825420
2825423
2825425
2825431
2825438
2825441
2825441
2825442
2825444
2825453
2825456
2825457
2825457
2825461
2825461
2825469
2825471
2825475
2825475
2825479
2825488
2825493
2825497
2825498
2825504
2825507
2825509
2825510
2825513
2825516
2825516
2825517
2825517
2825522
2825523
2825528
2825536
2825544
2825547
2825551
2825552
2825555
2825567
2825573
2825574
2825577
2825586
2825586
2825590
2825590
2825600
2825601
2825604
2825605
2825606
2825609
2825611
2825621
2825621
2825624
2825626
2825627
2825629
2825637
2825656
2825657
2825661
2825665
2825670
2825672
2825674
2825680
2825686
2825696
2825709
2825711
2825711
2825712
2825715
2825716
2825718
2825719
2825720
2825722
2825722
2825723
2825724
2825724
2825732
2825735
2825737
2825737
2825740
2825742
2825744
2825756
2825760
2825761
2825761
2825763
2825773
2825781
2825784
2825786
2825786
2825790
2825794
2825798
2825807
2825811
2825822
2825830
2825831
2825831
2825834
2825835
2825839
2825840
2825841
2825845
2825850
2825854
2825856
2825860
2825866
2825873
2825877
2825877
2825898
2825900
2825902
2825903
2825910
2825913
2825914
2825915
2825917
2825918
2825919
2825921
2825922
2825923
2825927
2825933
2825937
2825939
2825940
2825942
2825947
2825949
2825949
2825953
2825961
2825970
2825972
2825977
2825978
2825982
2825982
2825987
2825989
2825989
2825991
2825992
2825998
2826003
2826003
2826009
2826016
2826017
2826020
2826023
2826026
2826032
2826032
2826039
2826040
2826043
2826046
2826051
2826053
2826055
2826060
2826060
2826061
2826062
2826068
2826068
2826080
2826081
2826081
2826082
2826084
2826090
2826091
2826097
2826098
2826102
2826102
2826106
2826113
2826116
2826119
2826119
2826122
2826125
2826127
2826127
2826130
2826136
2826140
2826142
2826142
2826148
2826148
2826148
2826151
2826155
2826156
2826159
2826164
2826164
2826166
2826167
2826168
2826174
2826175
2826176
2826177
2826178
2826184
2826186
2826186
2826190
2826204
2826206
2826214
2826220
2826220
2826220
2826221
2826228
2826230
2826230
2826245
2826251
2826252
2826253
2826253
2826254
2826256
2826256
2826257
2826264
2826267
2826272
2826273
2826276
2826278
2826288
2826288
2826290
2826294
2826298
2826300
2826302
2826302
2826303
2826303
2826306
2826312
2826313
2826317
2826317
2826319
2826328
2826332
2826332
2826336
2826342
2826348
2826352
2826355
2826356
2826362
2826363
2826363
2826366
2826366
2826367
2826371
2826371
2826373
2826381
2826383
2826383
2826386
2826387
2826395
2826395
2826396
2826400
2826402
2826408
2826408
2826411
2826411
2826416
2826416
2826420
2826420
2826422
2826423
2826424
2826435
2826437
2826442
2826446
2826446
2826448
2826453
2826459
2826461
2826462
2826463
2826465
2826471
2826475
2826479
2826481
2826481
2826484
2826492
2826493
2826496
2826496
2826497
2826510
2826511
2826513
2826517
2826517
2826520
2826520
2826523
2826528
2826532
2826534
2826537
2826539
2826540
2826547
2826551
2826561
2826563
2826564
2826572
2826572
2826574
2826578
2826579
2826580
2826580
2826586
2826594
2826595
2826596
2826596
2826597
2826598
2826598
2826600
2826605
2826608
2826609
2826613
2826617
2826626
2826628
2826630
2826633
2826634
2826635
2826640
2826640
2826641
2826644
2826645
2826649
2826657
2826659
2826659
2826659
2826670
2826672
2826673
2826675
2826679
2826686
2826691
2826695
2826709
2826710
2826711
2826715
2826719
2826721
2826730
2826735
2826737
2826739
2826747
2826751
2826753
2826760
2826760
2826766
2826770
2826770
2826775
2826779
2826781
2826793
2826793
2826808
2826812
2826818
2826825
2826827
2826828
2826836
2826842
2826843
2826844
2826844
2826849
2826851
2826852
2826852
2826857
2826859
2826859
2826861
2826861
2826864
2826864
2826879
2826879
2826880
2826885
2826886
2826887
2826890
2826893
2826893
2826895
2826899
2826901
2826904
2826904
2826907
2826910
2826912
2826915
2826917
2826919
2826921
2826922
2826925
2826928
2826930
2826937
2826938
2826941
2826945
2826947
2826948
2826948
2826952
2826957
2826959
2826968
2826970
2826981
2826983
2826987
2826990
2826994
2826996
2826996
2826999
2827000
2827004
2827013
2827020
2827028
2827031
2827038
2827049
2827053
2827055
2827058
2827059
2827060
2827060
2827068
2827069
2827076
2827082
2827085
2827087
2827090
2827094
2827095
2827098
2827106
2827107
2827117
2827119
2827126
2827127
2827128
2827130
2827131
2827134
2827137
2827137
2827138
2827139
2827140
2827142
2827142
2827144
2827149
2827170
2827173
2827179
2827179
2827181
2827181
2827181
2827184
2827187
2827188
2827189
2827190
2827192
2827196
2827200
2827205
2827207
2827208
2827215
2827216
2827232
2827250
2827252
2827254
2827255
2827259
2827263
2827263
2827267
2827274
2827276
2827280
2827282
2827283
2827286
2827286
2827289
2827291
2827296
2827297
2827299
2827302
2827304
2827306
2827306
2827306
2827313
2827316
2827316
2827321
2827322
2827322
2827323
2827325
2827325
2827331
2827332
2827333
2827336
2827338
2827347
2827351
2827351
2827354
2827354
2827361
2827362
2827368
2827371
2827376
2827382
2827389
2827396
2827402
2827405
2827407
2827408
2827411
2827414
2827414
2827414
2827415
2827426
2827432
2827434
2827435
2827437
2827438
2827441
2827451
2827457
2827462
2827462
2827464
2827466
2827466
2827471
2827474
2827475
2827486
2827486
2827487
2827488
2827488
2827488
2827489
2827491
2827494
2827496
2827500
2827504
2827507
2827512
2827517
2827519
2827523
2827524
2827536
2827540
2827545
2827545
2827551
2827556
2827557
2827559
2827565
2827566
2827568
2827569
2827569
2827574
2827576
2827577
2827583
2827583
2827585
2827593
2827615
2827620
2827622
2827625
2827640
2827649
2827653
2827657
2827659
2827659
2827660
2827684
2827690
2827693
2827697
2827704
2827705
2827708
2827710
2827710
2827711
2827713
2827723
2827728
2827734
2827736
2827736
2827740
2827740
2827740
2827741
2827744
2827745
2827747
2827747
2827747
2827750
2827752
2827752
2827754
2827755
2827755
2827755
2827764
2827771
2827771
2827772
2827780
2827781
2827782
2827784
2827791
2827792
2827793
2827808
2827816
2827817
2827817
2827818
2827818
2827818
2827818
2827819
2827819
2827824
2827824
2827830
2827836
2827838
2827839
2827843
2827844
2827846
2827849
2827856
2827857
2827859
2827866
2827868
2827875
2827878
2827891
2827891
2827893
2827896
2827904
2827907
2827907
2827911
2827912
2827912
2827913
2827913
2827914
2827919
2827921
2827922
2827925
2827925
2827927
2827936
2827936
2827936
2827937
2827939
2827948
2827962
2827966
2827975
2827977
2827978
2827985
2827985
2827994
2827995
2828001
2828005
2828006
2828009
2828018
2828020
2828020
2828027
2828032
2828039
2828039
2828040
2828045
2828047
2828047
2828048
2828059
2828061
2828074
2828076
2828080
2828083
2828084
2828088
2828092
2828093
2828102
2828113
2828116
2828118
2828122
2828123
2828129
2828135
2828137
2828137
2828140
2828140
2828142
2828148
2828150
2828152
2828154
2828154
2828154
2828157
2828157
2828159
2828161
2828161
2828167
2828171
2828183
2828192
2828194
2828197
2828198
2828198
2828206
2828207
2828213
2828223
2828223
2828227
2828228
2828228
2828231
2828234
2828240
2828246
2828253
2828258
2828258
2828261
2828266
2828274
2828281
2828283
2828285
2828291
2828293
2828298
2828299
2828302
2828303
2828303
2828304
2828305
2828307
2828307
2828308
2828308
2828311
2828315
2828317
2828317
2828325
2828348
2828350
2828359
2828359
2828361
2828361
2828362
2828367
2828368
2828372
2828373
2828373
2828374
2828374
2828379
2828388
2828390
2828394
2828394
2828398
2828400
2828403
2828403
2828404
2828406
2828409
2828410
2828415
2828418
2828420
2828421
2828421
2828426
2828430
2828433
2828434
2828437
2828445
2828447
2828454
2828455
2828463
2828467
2828469
2828477
2828479
2828480
2828489
2828492
2828495
2828496
2828500
2828507
2828507
2828511
2828512
2828516
2828519
2828519
2828524
2828532
2828540
2828548
2828552
2828554
2828554
2828554
2828555
2828555
2828559
2828568
2828568
2828569
2828569
2828574
2828577
2828577
2828581
2828582
2828593
2828598
2828600
2828603
2828604
2828605
2828605
2828610
2828619
2828622
2828627
2828629
2828629
2828630
2828637
2828639
2828650
2828650
2828664
2828668
2828668
2828669
2828671
2828674
2828680
2828682
2828682
2828682
2828683
2828687
2828692
2828701
2828701
2828702
2828702
2828705
2828708
2828709
2828713
2828714
2828718
2828723
2828724
2828727
2828747
2828747
2828749
2828752
2828754
2828756
2828770
2828770
2828770
2828772
2828772
2828772
2828776
2828777
2828780
2828780
2828781
2828785
2828794
2828795
2828801
2828806
2828809
2828811
2828823
2828826
2828826
2828831
2828832
2828833
2828834
2828836
2828837
2828837
2828838
2828842
2828843
2828846
2828851
2828858
2828858
2828861
2828876
2828880
2828881
2828882
2828882
2828883
2828890
2828893
2828901
2828901
2828907
2828908
2828916
2828924
2828930
2828933
2828944
2828954
2828955
2828958
2828960
2828960
2828961
2828970
2828971
2828976
2828976
2828980
2828982
2828992
2829005
2829013
2829013
2829021
2829022
2829025
2829026
2829042
2829047
2829049
2829049
2829050
2829054
2829054
2829062
2829068
2829069
2829070
2829073
2829076
2829078
2829079
2829080
2829080
2829082
2829091
2829091
2829095
2829095
2829096
2829101
2829103
2829106
2829114
2829122
2829128
2829132
2829133
2829138
2829138
2829140
2829143
2829145
2829146
2829148
2829149
2829163
2829171
2829187
2829187
2829188
2829189
2829191
2829193
2829199
2829200
2829204
2829205
2829206
2829210
2829216
2829218
2829224
2829229
2829230
2829230
2829230
2829233
2829235
2829236
2829237
2829241
2829243
2829248
2829250
2829253
2829253
2829259
2829259
2829266
2829267
2829276
2829277
2829277
2829277
2829279
2829287
2829287
2829287
2829291
2829296
2829296
2829303
2829304
2829311
2829314
2829316
2829317
2829318
2829321
2829323
2829324
2829332
2829332
2829333
2829335
2829336
2829341
2829342
2829343
2829345
2829345
2829346
2829351
2829355
2829364
2829369
2829370
2829371
2829372
2829376
2829380
2829380
2829387
2829387
2829388
2829392
2829392
2829393
2829395
2829409
2829411
2829411
2829413
2829416
2829417
2829419
2829420
2829424
2829432
2829433
2829435
2829436
2829442
2829445
2829448
2829451
2829452
2829452
2829452
2829454
2829455
2829458
2829462
2829465
2829473
2829474
2829477
2829478
2829483
2829484
2829485
2829486
2829488
2829489
2829489
2829492
2829492
2829496
2829501
2829503
2829503
2829508
2829509
2829509
2829515
2829516
2829523
2829524
2829525
2829529
2829530
2829532
2829535
2829536
2829537
2829538
2829541
2829545
2829547
2829548
2829548
2829549
2829549
2829553
2829554
2829554
2829555
2829558
2829563
2829569
2829576
2829579
2829588
2829593
2829593
2829596
2829603
2829607
2829608
2829610
2829611
2829613
2829615
2829620
2829620
2829622
2829629
2829631
2829631
2829635
2829642
2829647
2829648
2829651
2829655
2829655
2829658
2829659
2829663
2829664
2829667
2829667
2829670
2829670
2829674
2829674
2829677
2829678
2829681
2829681
2829682
2829683
2829693
2829693
2829694
2829694
2829694
2829713
2829715
2829716
2829717
2829718
2829719
2829723
2829724
2829724
2829725
2829731
2829737
2829738
2829740
2829742
2829747
2829750
2829753
2829762
2829764
2829773
2829774
2829776
2829777
2829780
2829782
2829782
2829784
2829784
2829786
2829787
2829791
2829795
2829803
2829807
2829808
2829810
2829811
2829817
2829822
2829834
2829834
2829844
2829845
2829845
2829846
2829849
2829849
2829850
2829852
2829855
2829856
2829859
2829862
2829863
2829871
2829873
2829876
2829879
2829880
2829884
2829889
2829904
2829904
2829905
2829906
2829906
2829910
2829916
2829917
2829919
2829920
2829923
2829926
2829927
2829934
2829936
2829939
2829942
2829942
2829944
2829946
2829953
2829957
2829967
2829970
2829976
2829985
2829995
2829996
2829997
2829999
2830000
2830001
2830002
2830002
2830009
2830011
2830013
2830018
2830023
2830034
2830036
2830037
2830042
2830043
2830055
2830057
2830057
2830060
2830061
2830064
2830068
2830073
2830076
2830076
2830079
2830080
2830083
2830086
2830088
2830092
2830100
2830102
2830105
2830105
2830107
2830108
2830109
2830110
2830110
2830111
2830121
2830122
2830122
2830130
2830133
2830134
2830135
2830136
2830136
2830136
2830141
2830148
2830151
2830153
2830158
2830160
2830160
2830163
2830163
2830168
2830170
2830171
2830175
2830178
2830181
2830184
2830188
2830189
2830190
2830191
2830195
2830200
2830205
2830211
2830223
2830225
2830230
2830233
2830235
2830241
2830242
2830242
2830247
2830252
2830252
2830255
2830264
2830279
2830285
2830289
2830300
2830304
2830305
2830312
2830317
2830317
2830323
2830329
2830330
2830332
2830332
2830336
2830342
2830346
2830350
2830351
2830358
2830362
2830362
2830379
2830384
2830387
2830388
2830392
2830392
2830393
2830395
2830396
2830399
2830400
2830401
2830406
2830408
2830414
2830427
2830429
2830430
2830437
2830437
2830438
2830441
2830442
2830450
2830455
2830457
2830459
2830459
2830467
2830468
2830472
2830474
2830479
2830480
2830486
2830493
2830500
2830500
2830500
2830502
2830502
2830508
2830515
2830520
2830520
2830531
2830542
2830542
2830546
2830550
2830551
2830552
2830569
2830572
2830574
2830575
2830575
2830577
2830580
2830580
2830581
2830581
2830589
2830590
2830597
2830600
2830601
2830607
2830612
2830613
2830620
2830620
2830632
2830636
2830638
2830641
2830642
2830649
2830651
2830651
2830656
2830658
2830660
2830661
2830665
2830674
2830675
2830678
2830679
2830683
2830693
2830696
2830710
2830717
2830718
2830718
2830719
2830722
2830723
2830726
2830732
2830734
2830735
2830738
2830742
2830743
2830743
2830747
2830747
2830749
2830755
2830757
2830760
2830763
2830773
2830774
2830774
2830776
2830776
2830779
2830783
2830786
2830795
2830803
2830809
2830811
2830822
2830822
2830824
2830825
2830825
2830827
2830828
2830833
2830835
2830837
2830838
2830839
2830844
2830846
2830847
2830850
2830850
2830857
2830858
2830859
2830860
2830860
2830865
2830868
2830868
2830871
2830874
2830876
2830885
2830885
2830885
2830890
2830894
2830901
2830913
2830913
2830914
2830917
2830918
2830923
2830923
2830926
2830931
2830931
2830932
2830936
2830939
2830940
2830950
2830951
2830954
2830956
2830957
2830959
2830966
2830969
2830972
2830975
2830981
2830985
2830996
2830996
2830998
2831003
2831011
2831014
2831016
2831017
2831019
2831021
2831021
2831023
2831025
2831027
2831028
2831031
2831036
2831037
2831044
2831047
2831048
2831048
2831051
2831054
2831056
2831058
2831063
2831063
2831067
2831067
2831076
2831081
2831083
2831085
2831085
2831086
2831087
2831091
2831093
2831098
2831106
2831108
2831109
2831120
2831120
2831122
2831123
2831125
2831129
2831142
2831146
2831149
2831154
2831155
2831155
2831157
2831164
2831166
2831168
2831183
2831184
2831200
2831203
2831211
2831215
2831216
2831217
2831222
2831230
2831232
2831232
2831234
2831239
2831239
2831240
2831249
2831258
2831258
2831259
2831260
2831261
2831270
2831274
2831275
2831275
2831275
2831277
2831283
2831283
2831289
2831290
2831293
2831306
2831307
2831309
2831313
2831317
2831318
2831321
2831328
2831330
2831334
2831340
2831340
2831342
2831343
2831346
2831348
2831358
2831358
2831363
2831370
2831373
2831375
2831406
2831406
2831406
2831406
2831410
2831412
2831412
2831413
2831414
2831421
2831421
2831423
2831425
2831429
2831435
2831448
2831455
2831455
2831457
2831460
2831464
2831466
2831470
2831474
2831475
2831479
2831480
2831482
2831495
2831503
2831506
2831506
2831509
2831510
2831515
2831517
2831518
2831521
2831529
2831530
2831532
2831532
2831534
2831535
2831540
2831546
2831548
2831549
2831560
2831564
2831581
2831582
2831586
2831587
2831588
2831589
2831589
2831590
2831594
2831597
2831606
2831609
2831609
2831610
2831611
2831612
2831619
2831620
2831628
2831633
2831634
2831637
2831638
2831639
2831640
2831641
2831644
2831645
2831648
2831648
2831660
2831662
2831668
2831669
2831671
2831678
2831678
2831678
2831685
2831688
2831691
2831698
2831698
2831707
2831707
2831709
2831714
2831714
2831721
2831728
2831732
2831735
2831735
2831738
2831739
2831740
2831744
2831746
2831747
2831747
2831755
2831760
2831763
2831767
2831768
2831770
2831778
2831782
2831784
2831801
2831817
2831819
2831819
2831821
2831822
2831823
2831824
2831829
2831833
2831833
2831833
2831837
2831838
2831838
2831847
2831850
2831851
2831853
2831857
2831861
2831862
2831864
2831867
2831870
2831878
2831882
2831883
2831884
2831885
2831887
2831889
2831890
2831893
2831894
2831895
2831896
2831897
2831898
2831900
2831900
2831900
2831917
2831927
2831929
2831936
2831938
2831941
2831946
2831951
2831957
2831958
2831959
2831965
2831965
2831967
2831967
2831970
2831972
2831976
2831989
2831991
2831999
2832000
2832000
2832009
2832009
2832020
2832020
2832027
2832027
2832027
2832032
2832033
2832035
2832043
2832046
2832046
2832054
2832054
2832056
2832059
2832062
2832069
2832071
2832073
2832073
2832083
2832085
2832092
2832092
2832092
2832095
2832097
2832100
2832101
2832103
2832107
2832107
2832107
2832113
2832119
2832124
2832127
2832127
2832129
2832129
2832130
2832135
2832136
2832136
2832143
2832150
2832162
2832162
2832162
2832169
2832173
2832181
2832182
2832185
2832186
2832187
2832189
2832197
2832213
2832213
2832213
2832213
2832214
2832215
2832215
2832224
2832228
2832238
2832239
2832239
2832240
2832240
2832241
2832242
2832245
2832254
2832255
2832260
2832275
2832277
2832279
2832294
2832299
2832304
2832305
2832308
2832313
2832314
2832319
2832322
2832324
2832331
2832331
2832347
2832354
2832354
2832358
2832359
2832359
2832360
2832363
2832364
2832368
2832371
2832376
2832379
2832382
2832386
2832386
2832389
2832389
2832389
2832390
2832403
2832411
2832413
2832423
2832423
2832425
2832425
2832435
2832438
2832438
2832441
2832442
2832444
2832450
2832452
2832462
2832468
2832470
2832471
2832479
2832487
2832492
2832500
2832504
2832504
2832518
2832526
2832533
2832536
2832539
2832540
2832548
2832554
2832565
2832568
2832576
2832577
2832584
2832593
2832597
2832599
2832603
2832603
2832608
2832614
2832614
2832617
2832620
2832621
2832624
2832626
2832628
2832630
2832633
2832634
2832634
2832637
2832638
2832647
2832648
2832651
2832652
2832663
2832668
2832677
2832683
2832686
2832688
2832688
2832696
2832703
2832706
2832708
2832710
2832710
2832712
2832722
2832726
2832728
2832738
2832743
2832751
2832757
2832762
2832763
2832774
2832786
2832790
2832798
2832799
2832802
2832805
2832810
2832817
2832817
2832817
2832821
2832827
2832832
2832832
2832838
2832844
2832845
2832849
2832850
2832854
2832855
2832856
2832859
2832864
2832870
2832870
2832872
2832877
2832880
2832881
2832882
2832886
2832898
2832901
2832901
2832901
2832902
2832909
2832910
2832919
2832921
2832926
2832926
2832928
2832929
2832931
2832933
2832936
2832938
2832945
2832946
2832946
2832947
2832953
2832958
2832960
2832961
2832962
2832964
2832966
2832970
2832970
2832976
2832977
2832978
2832982
2832985
2832993
2832994
2832996
2833001
2833003
2833005
2833006
2833009
2833011
2833014
2833016
2833017
2833025
2833025
2833035
2833040
2833045
2833049
2833051
2833057
2833060
2833063
2833068
2833082
2833085
2833086
2833089
2833091
2833096
2833101
2833103
2833108
2833113
2833115
2833118
2833119
2833119
2833121
2833126
2833130
2833130
2833131
2833136
2833139
2833142
2833144
2833149
2833157
2833161
2833163
2833164
2833164
2833174
2833177
2833181
2833204
2833206
2833211
2833224
2833224
2833225
2833236
2833239
2833243
2833243
2833251
2833252
2833253
2833256
2833256
2833265
2833269
2833283
2833283
2833293
2833295
2833298
2833304
2833307
2833309
2833311
2833317
2833323
2833323
2833325
2833330
2833331
2833332
2833344
2833344
2833361
2833365
2833367
2833369
2833374
2833374
2833385
2833409
2833410
2833411
2833415
2833417
2833424
2833434
2833434
2833447
2833447
2833457
2833475
2833480
2833481
2833482
2833484
2833492
2833493
2833497
2833497
2833500
2833500
2833501
2833512
2833512
2833513
2833524
2833527
2833534
2833534
2833535
2833537
2833540
2833541
2833542
2833542
2833551
2833558
2833569
2833573
2833580
2833585
2833602
2833617
2833621
2833624
2833626
2833630
2833648
2833651
2833665
2833666
2833674
2833678
2833682
2833686
2833699
2833700
2833700
2833700
2833702
2833705
2833706
2833708
2833713
2833735
2833740
2833751
2833751
2833754
2833756
2833761
2833763
2833765
2833770
2833771
2833782
2833794
2833794
2833801
2833802
2833804
2833806
2833808
2833808
2833814
2833814
2833815
2833817
2833830
2833833
2833835
2833839
2833843
2833862
2833877
2833887
2833894
2833899
2833906
2833931
2833938
2833941
2833964
2833973
2833977
2833987
2833988
2833989
2834005
2834009
2834019
2834019
2834022
2834040
2834046
2834047
2834062
2834065
2834073
2834074
2834078
2834105
2834115
2834122
2834144
2834155
2834161
2834163
2834170
2834176
2834186
2834191
2834194
2834203
2834206
2834212
2834212
2834221
2834221
2834223
2834225
2834231
2834232
2834239
2834240
2834246
2834246
2834257
2834257
2834258
2834261
2834265
2834285
2834302
2834317
2834318
2834321
2834337
2834341
2834353
2834355
2834359
2834380
2834398
2834401
2834416
2834423
2834433
2834442
2834443
2834491
2834494
2834497
2834499
2834503
2834512
2834539
2834546
2834559
2834564
2834578
2834580
2834611
2834616
2834623
2834629
2834630
2834649
2834699
2834720
2834729
2834742
2834745
2834767
2834784
2834795
2834807
2834813
2834832
2834849
2834851
2834877
2834899
2834905
2834922
2834933
2834935
2834977
2834980
2835013
2835026
2835073
2835100
2835115
2835134
2835156
2835228
2835289
2835335
2835409
2835413
2835438
2835442
2835447
2835536
2835544
2835545
2835549
2835552
2835596
2835606
2835608
2835804
2835849
2835875
2835962
2836001
2836387
2836389
2836466
2836832
2836922
2837110
2837156
2837223
2837478
