2814221
2814221
2814221
2814221
2814221
2814221
2814221
2814221
2814221
2814221
2814221
2814221
2814221
2814221
2814221
2814321
2814321
2814321
2814321
2814321
2814321
2814321
2814321
2814321
2814321
2814321
2814321
2814321
2814321
2814321
2814321
2814321
2814321
2814321
2814321
2814321
2814321
2814321
2814421
2814421
2814421
2814421
2814421
2814421
2814421
2814421
2814421
2814421
2814421
2814421
2814421
2814421
2814421
2814421
2814421
2814421
2814421
2814421
2814421
2814421
2814421
2814421
2814421
2814421
2814421
2814421
2814421
2814421
2814421
2814421
2814421
2814521
2814522
2814522
2814522
2814522
2814522
2814522
2814522
2814522
2814522
2814522
2814522
2814522
2814522
2814522
2814522
2814522
2814522
2814522
2814522
2814522
2814522
2814522
2814522
2814522
2814522
2814622
2814622
2814622
2814622
2814622
2814622
2814622
2814622
2814622
2814622
2814622
2814622
2814622
2814622
2814622
2814622
2814622
2814622
2814622
2814622
2814622
2814622
2814622
2814622
2814721
2814721
2814721
2814721
2814721
2814721
2814721
2814721
2814721
2814721
2814721
2814721
2814721
2814721
2814721
2814721
2814721
2814721
2814721
2814721
2814721
2814721
2814721
2814821
2814821
2814821
2814821
2814821
2814821
2814821
2814821
2814821
2814821
2814821
2814821
2814821
2814821
2814821
2814821
2814821
2814821
2814821
2814821
2814821
2814821
2814922
2814922
2814922
2814922
2814922
2814922
2814922
2814922
2814922
2814922
2814922
2814922
2814922
2814922
2814922
2814922
2814922
2814922
2814922
2814922
2814922
2814922
2814922
2814922
2814922
2814922
2814922
2815022
2815022
2815022
2815022
2815022
2815022
2815022
2815022
2815022
2815022
2815022
2815022
2815022
2815022
2815022
2815022
2815022
2815022
2815022
2815022
2815022
2815022
2815022
2815022
2815022
2815022
2815022
2815022
2815022
2815022
2815022
2815022
2815022
2815022
2815022
2815022
2815121
2815121
2815121
2815121
2815121
2815121
2815121
2815121
2815121
2815121
2815121
2815121
2815121
2815121
2815121
2815121
2815121
2815121
2815121
2815121
2815121
2815121
2815121
2815121
2815121
2815121
2815221
2815221
2815221
2815221
2815221
2815221
2815221
2815221
2815221
2815221
2815221
2815221
2815221
2815221
2815221
2815221
2815221
2815221
2815221
2815221
2815221
2815221
2815221
2815221
2815221
2815221
2815221
2815221
2815221
2815322
2815322
2815322
2815322
2815322
2815322
2815322
2815322
2815322
2815322
2815322
2815322
2815322
2815322
2815322
2815322
2815322
2815322
2815322
2815322
2815322
2815322
2815322
2815322
2815322
2815322
2815422
2815422
2815422
2815422
2815422
2815422
2815422
2815422
2815422
2815422
2815422
2815422
2815422
2815422
2815422
2815422
2815422
2815422
2815422
2815422
2815422
2815422
2815422
2815422
2815422
2815422
2815522
2815522
2815522
2815522
2815522
2815522
2815522
2815522
2815522
2815522
2815522
2815522
2815522
2815522
2815522
2815522
2815522
2815522
2815522
2815522
2815522
2815522
2815522
2815522
2815522
2815522
2815522
2815522
2815522
2815522
2815522
2815522
2815622
2815622
2815622
2815622
2815622
2815622
2815622
2815622
2815622
2815622
2815622
2815622
2815622
2815622
2815622
2815622
2815622
2815622
2815622
2815622
2815622
2815622
2815622
2815622
2815622
2815622
2815622
2815622
2815622
2815622
2815622
2815722
2815722
2815722
2815722
2815722
2815722
2815722
2815722
2815722
2815722
2815722
2815722
2815722
2815722
2815722
2815722
2815722
2815722
2815722
2815722
2815722
2815722
2815722
2815722
2815722
2815722
2815722
2815722
2815722
2815722
2815722
2815821
2815821
2815821
2815821
2815821
2815821
2815821
2815821
2815821
2815821
2815821
2815821
2815821
2815821
2815821
2815821
2815821
2815821
2815821
2815821
2815821
2815821
2815821
2815821
2815821
2815821
2815821
2815821
2815821
2815822
2815822
2815822
2815822
2815922
2815922
2815922
2815922
2815922
2815922
2815922
2815922
2815922
2815922
2815922
2815922
2815922
2815922
2815922
2815922
2815922
2815922
2815922
2815922
2815922
2815922
2815922
2815922
2815922
2815922
2815922
2816022
2816022
2816022
2816022
2816022
2816022
2816022
2816022
2816022
2816022
2816022
2816022
2816022
2816022
2816022
2816022
2816022
2816022
2816022
2816022
2816022
2816022
2816022
2816022
2816022
2816022
2816022
2816022
2816022
2816022
2816022
2816022
2816022
2816022
2816022
2816022
2816022
2816022
2816022
2816022
2816022
2816022
2816022
2816022
2816022
2816121
2816121
2816121
2816121
2816121
2816121
2816121
2816121
2816121
2816121
2816121
2816121
2816121
2816121
2816121
2816121
2816121
2816121
2816121
2816121
2816121
2816121
2816121
2816121
2816121
2816121
2816121
2816121
2816221
2816221
2816221
2816221
2816221
2816221
2816221
2816221
2816221
2816221
2816221
2816221
2816221
2816221
2816221
2816221
2816222
2816222
2816222
2816222
2816222
2816222
2816222
2816222
2816222
2816222
2816222
2816222
2816222
2816222
2816222
2816222
2816322
2816322
2816322
2816322
2816322
2816322
2816322
2816322
2816322
2816322
2816322
2816322
2816322
2816322
2816322
2816322
2816322
2816322
2816322
2816322
2816322
2816421
2816421
2816421
2816421
2816421
2816421
2816421
2816421
2816421
2816421
2816421
2816421
2816421
2816421
2816421
2816421
2816421
2816421
2816421
2816421
2816421
2816421
2816421
2816421
2816421
2816421
2816421
2816421
2816421
2816421
2816421
2816421
2816421
2816421
2816421
2816421
2816421
2816521
2816521
2816521
2816521
2816521
2816521
2816521
2816521
2816521
2816521
2816521
2816521
2816521
2816521
2816521
2816521
2816521
2816521
2816521
2816521
2816521
2816521
2816521
2816521
2816521
2816521
2816521
2816622
2816622
2816622
2816622
2816622
2816622
2816622
2816622
2816622
2816622
2816622
2816622
2816622
2816622
2816622
2816622
2816622
2816622
2816622
2816622
2816622
2816622
2816622
2816622
2816622
2816622
2816622
2816721
2816721
2816721
2816721
2816721
2816721
2816721
2816721
2816721
2816721
2816721
2816721
2816721
2816721
2816721
2816721
2816721
2816721
2816721
2816721
2816721
2816721
2816721
2816721
2816721
2816721
2816721
2816721
2816721
2816721
2816821
2816821
2816821
2816821
2816821
2816821
2816821
2816821
2816822
2816822
2816822
2816822
2816822
2816822
2816822
2816822
2816822
2816822
2816822
2816822
2816822
2816822
2816822
2816822
2816822
2816822
2816822
2816822
2816822
2816922
2816922
2816922
2816922
2816922
2816922
2816922
2816922
2816922
2816922
2816922
2816922
2816922
2816922
2816922
2816922
2816922
2816922
2816922
2816922
2816922
2816922
2816922
2816922
2816922
2816922
2816922
2816922
2816922
2816922
2817021
2817021
2817021
2817021
2817021
2817021
2817021
2817021
2817021
2817021
2817021
2817021
2817021
2817021
2817021
2817021
2817021
2817021
2817021
2817021
2817021
2817021
2817021
2817022
2817022
2817022
2817022
2817022
2817022
2817022
2817122
2817122
2817122
2817122
2817122
2817122
2817122
2817122
2817122
2817122
2817122
2817122
2817122
2817122
2817122
2817122
2817122
2817122
2817122
2817122
2817122
2817122
2817122
2817122
2817122
2817122
2817122
2817122
2817122
2817122
2817122
2817122
2817221
2817221
2817221
2817221
2817221
2817221
2817221
2817221
2817221
2817221
2817221
2817221
2817221
2817221
2817221
2817221
2817221
2817221
2817221
2817221
2817221
2817221
2817221
2817221
2817221
2817221
2817221
2817221
2817221
2817221
2817321
2817321
2817321
2817321
2817321
2817321
2817322
2817322
2817322
2817322
2817322
2817322
2817322
2817322
2817322
2817322
2817322
2817322
2817322
2817322
2817322
2817322
2817322
2817322
2817322
2817322
2817322
2817322
2817322
2817322
2817322
2817322
2817322
2817422
2817422
2817422
2817422
2817422
2817422
2817422
2817422
2817422
2817422
2817422
2817422
2817422
2817422
2817422
2817422
2817422
2817422
2817422
2817422
2817422
2817422
2817422
2817422
2817422
2817422
2817422
2817422
2817521
2817521
2817521
2817521
2817521
2817521
2817521
2817521
2817521
2817521
2817521
2817521
2817521
2817521
2817521
2817521
2817521
2817521
2817521
2817521
2817521
2817521
2817521
2817522
2817522
2817522
2817522
2817522
2817522
2817522
2817522
2817522
2817621
2817621
2817621
2817621
2817621
2817621
2817621
2817621
2817621
2817621
2817621
2817621
2817621
2817621
2817621
2817621
2817621
2817621
2817621
2817621
2817621
2817621
2817621
2817621
2817621
2817621
2817621
2817621
2817621
2817621
2817621
2817721
2817721
2817721
2817721
2817721
2817721
2817721
2817721
2817721
2817721
2817721
2817721
2817721
2817721
2817721
2817721
2817721
2817721
2817721
2817721
2817721
2817721
2817721
2817721
2817721
2817821
2817821
2817821
2817821
2817821
2817821
2817821
2817821
2817821
2817821
2817821
2817821
2817821
2817821
2817821
2817821
2817821
2817821
2817821
2817821
2817821
2817821
2817821
2817821
2817821
2817821
2817821
2817821
2817921
2817921
2817921
2817921
2817921
2817921
2817921
2817921
2817921
2817921
2817921
2817921
2817921
2817921
2817921
2817921
2817921
2817921
2817921
2817921
2817921
2817921
2817921
2817921
2817921
2818021
2818021
2818021
2818021
2818021
2818021
2818021
2818021
2818021
2818021
2818021
2818021
2818021
2818021
2818022
2818022
2818022
2818022
2818022
2818022
2818022
2818022
2818022
2818022
2818022
2818022
2818022
2818022
2818022
2818022
2818022
2818022
2818122
2818122
2818122
2818122
2818122
2818122
2818122
2818122
2818122
2818122
2818122
2818122
2818122
2818122
2818122
2818122
2818122
2818122
2818122
2818122
2818122
2818122
2818122
2818122
2818122
2818122
2818122
2818122
2818122
2818221
2818221
2818221
2818221
2818221
2818221
2818221
2818221
2818221
2818221
2818221
2818221
2818221
2818221
2818221
2818221
2818221
2818221
2818221
2818221
2818221
2818221
2818221
2818221
2818221
2818221
2818221
2818221
2818221
2818221
2818221
2818221
2818221
2818221
2818322
2818322
2818322
2818322
2818322
2818322
2818322
2818322
2818322
2818322
2818322
2818322
2818322
2818322
2818322
2818322
2818322
2818322
2818322
2818322
2818322
2818322
2818322
2818322
2818322
2818322
2818322
2818322
2818322
2818322
2818322
2818322
2818322
2818322
2818322
2818421
2818421
2818421
2818421
2818421
2818421
2818421
2818421
2818422
2818422
2818422
2818422
2818422
2818422
2818422
2818422
2818422
2818422
2818422
2818422
2818422
2818422
2818422
2818422
2818422
2818422
2818422
2818422
2818422
2818422
2818422
2818521
2818521
2818521
2818521
2818521
2818521
2818521
2818521
2818521
2818521
2818521
2818521
2818521
2818521
2818521
2818521
2818521
2818521
2818521
2818521
2818521
2818521
2818521
2818521
2818521
2818521
2818521
2818622
2818622
2818622
2818622
2818622
2818622
2818622
2818622
2818622
2818622
2818622
2818622
2818622
2818622
2818622
2818622
2818622
2818622
2818622
2818622
2818721
2818721
2818721
2818721
2818721
2818721
2818721
2818721
2818721
2818721
2818721
2818721
2818721
2818721
2818721
2818721
2818721
2818721
2818721
2818721
2818721
2818721
2818721
2818721
2818721
2818721
2818721
2818721
2818721
2818721
2818721
2818822
2818822
2818822
2818822
2818822
2818822
2818822
2818822
2818822
2818822
2818822
2818822
2818822
2818822
2818822
2818822
2818822
2818822
2818822
2818822
2818822
2818822
2818822
2818822
2818822
2818822
2818822
2818822
2818822
2818822
2818922
2818922
2818922
2818922
2818922
2818922
2818922
2818922
2818922
2818922
2818922
2818922
2818922
2818922
2818922
2818922
2818922
2818922
2818922
2818922
2818922
2818922
2818922
2818922
2818922
2818922
2818922
2818922
2818922
2818922
2819021
2819021
2819021
2819021
2819021
2819021
2819021
2819021
2819021
2819021
2819021
2819021
2819021
2819021
2819021
2819021
2819021
2819021
2819021
2819021
2819021
2819021
2819021
2819021
2819021
2819021
2819021
2819021
2819021
2819021
2819121
2819121
2819121
2819121
2819121
2819121
2819121
2819121
2819121
2819121
2819121
2819121
2819121
2819121
2819121
2819121
2819121
2819121
2819121
2819121
2819121
2819121
2819121
2819121
2819121
2819121
2819121
2819121
2819121
2819121
2819121
2819121
2819122
2819221
2819221
2819221
2819221
2819221
2819221
2819221
2819221
2819221
2819221
2819221
2819221
2819221
2819221
2819221
2819221
2819221
2819221
2819221
2819221
2819221
2819221
2819221
2819221
2819221
2819221
2819221
2819221
2819221
2819221
2819221
2819221
2819321
2819321
2819321
2819321
2819321
2819321
2819321
2819321
2819321
2819321
2819321
2819321
2819321
2819321
2819321
2819321
2819321
2819321
2819321
2819321
2819321
2819321
2819321
2819321
2819321
2819321
2819321
2819321
2819321
2819321
2819321
2819321
2819321
2819422
2819422
2819422
2819422
2819422
2819422
2819422
2819422
2819422
2819422
2819422
2819422
2819422
2819422
2819422
2819422
2819422
2819422
2819422
2819422
2819521
2819521
2819521
2819521
2819521
2819521
2819521
2819521
2819521
2819521
2819521
2819521
2819521
2819521
2819521
2819521
2819521
2819521
2819521
2819521
2819521
2819521
2819521
2819521
2819521
2819521
2819521
2819521
2819521
2819521
2819521
2819521
2819521
2819621
2819621
2819621
2819621
2819621
2819621
2819621
2819621
2819621
2819621
2819621
2819621
2819621
2819621
2819621
2819621
2819621
2819621
2819621
2819621
2819621
2819621
2819621
2819621
2819621
2819621
2819621
2819621
2819621
2819621
2819621
2819621
2819621
2819621
2819621
2819621
2819621
2819721
2819721
2819721
2819721
2819721
2819721
2819721
2819721
2819721
2819721
2819721
2819721
2819721
2819721
2819721
2819721
2819721
2819721
2819721
2819721
2819721
2819721
2819721
2819721
2819721
2819721
2819721
2819821
2819821
2819821
2819821
2819821
2819821
2819821
2819821
2819821
2819821
2819821
2819821
2819821
2819821
2819821
2819821
2819821
2819821
2819821
2819821
2819821
2819822
2819822
2819822
2819822
2819822
2819822
2819822
2819822
2819822
2819822
2819822
2819822
2819822
2819822
2819822
2819822
2819822
2819822
2819921
2819921
2819921
2819921
2819921
2819921
2819921
2819921
2819921
2819921
2819921
2819921
2819921
2819921
2819921
2819921
2819921
2819921
2819921
2820021
2820021
2820021
2820021
2820021
2820021
2820021
2820021
2820021
2820021
2820021
2820021
2820021
2820021
2820021
2820021
2820021
2820021
2820021
2820021
2820021
2820021
2820021
2820021
2820021
2820021
2820021
2820021
2820021
2820021
2820021
2820021
2820021
2820021
2820121
2820121
2820121
2820121
2820121
2820121
2820121
2820121
2820121
2820121
2820121
2820121
2820121
2820121
2820121
2820121
2820121
2820121
2820121
2820121
2820121
2820121
2820121
2820121
2820121
2820121
2820221
2820221
2820221
2820221
2820221
2820221
2820221
2820221
2820221
2820221
2820221
2820221
2820221
2820221
2820221
2820221
2820221
2820221
2820221
2820221
2820221
2820221
2820221
2820221
2820221
2820221
2820321
2820321
2820321
2820321
2820321
2820321
2820321
2820321
2820321
2820321
2820321
2820321
2820321
2820321
2820321
2820321
2820321
2820321
2820321
2820321
2820321
2820321
2820321
2820321
2820321
2820321
2820321
2820321
2820321
2820321
2820321
2820321
2820321
2820321
2820421
2820421
2820421
2820421
2820421
2820421
2820421
2820421
2820421
2820421
2820421
2820421
2820421
2820421
2820421
2820421
2820421
2820421
2820421
2820421
2820421
2820421
2820421
2820421
2820421
2820421
2820421
2820421
2820421
2820421
2820421
2820421
2820421
2820421
2820521
2820521
2820521
2820521
2820521
2820521
2820521
2820521
2820521
2820521
2820521
2820521
2820521
2820521
2820521
2820521
2820521
2820521
2820522
2820522
2820522
2820522
2820522
2820522
2820522
2820522
2820522
2820522
2820522
2820522
2820522
2820522
2820522
2820522
2820522
2820522
2820522
2820621
2820621
2820621
2820621
2820621
2820621
2820621
2820621
2820621
2820621
2820621
2820621
2820621
2820621
2820621
2820621
2820621
2820621
2820621
2820621
2820621
2820621
2820621
2820621
2820621
2820621
2820621
2820621
2820621
2820621
2820721
2820721
2820721
2820721
2820721
2820721
2820721
2820721
2820721
2820721
2820721
2820721
2820721
2820721
2820721
2820721
2820721
2820721
2820721
2820721
2820721
2820721
2820721
2820721
2820721
2820721
2820721
2820721
2820721
2820821
2820821
2820821
2820821
2820821
2820821
2820821
2820821
2820821
2820821
2820821
2820821
2820821
2820821
2820821
2820821
2820821
2820821
2820821
2820821
2820821
2820821
2820821
2820821
2820821
2820821
2820821
2820921
2820921
2820921
2820921
2820921
2820921
2820921
2820921
2820921
2820921
2820921
2820921
2820921
2820921
2820922
2820922
2820922
2820922
2820922
2820922
2820922
2820922
2820922
2820922
2820922
2820922
2820922
2820922
2820922
2820922
2821021
2821021
2821021
2821021
2821021
2821021
2821021
2821021
2821021
2821021
2821021
2821021
2821021
2821021
2821021
2821021
2821021
2821021
2821021
2821021
2821021
2821021
2821021
2821021
2821022
2821022
2821022
2821121
2821121
2821121
2821121
2821121
2821121
2821121
2821121
2821121
2821121
2821121
2821121
2821121
2821121
2821121
2821121
2821121
2821121
2821121
2821121
2821121
2821221
2821221
2821221
2821221
2821221
2821221
2821221
2821221
2821221
2821221
2821221
2821221
2821221
2821221
2821221
2821221
2821221
2821221
2821221
2821221
2821221
2821221
2821221
2821221
2821221
2821221
2821321
2821321
2821321
2821321
2821321
2821321
2821321
2821321
2821321
2821321
2821321
2821321
2821321
2821321
2821321
2821321
2821321
2821321
2821321
2821321
2821321
2821321
2821321
2821321
2821321
2821321
2821321
2821321
2821321
2821321
2821321
2821421
2821421
2821421
2821421
2821421
2821421
2821421
2821421
2821421
2821421
2821421
2821421
2821421
2821421
2821421
2821421
2821421
2821421
2821421
2821421
2821421
2821421
2821421
2821421
2821421
2821421
2821421
2821521
2821521
2821521
2821521
2821521
2821521
2821521
2821521
2821521
2821521
2821521
2821521
2821521
2821521
2821521
2821521
2821521
2821521
2821521
2821521
2821521
2821521
2821521
2821521
2821521
2821521
2821521
2821521
2821521
2821521
2821521
2821521
2821521
2821521
2821521
2821521
2821521
2821621
2821621
2821621
2821621
2821621
2821621
2821621
2821621
2821621
2821621
2821621
2821621
2821621
2821621
2821621
2821621
2821621
2821621
2821621
2821621
2821621
2821621
2821621
2821621
2821621
2821621
2821621
2821621
2821621
2821621
2821721
2821721
2821721
2821721
2821721
2821721
2821721
2821721
2821721
2821721
2821721
2821721
2821721
2821721
2821721
2821721
2821721
2821721
2821721
2821721
2821721
2821721
2821721
2821721
2821821
2821821
2821821
2821821
2821821
2821821
2821821
2821821
2821821
2821821
2821821
2821821
2821821
2821821
2821821
2821821
2821821
2821821
2821821
2821821
2821821
2821821
2821921
2821921
2821921
2821921
2821921
2821921
2821921
2821921
2821921
2821921
2821921
2821921
2821921
2821921
2821921
2821921
2821921
2821921
2821921
2821921
2821921
2821921
2821921
2821921
2821921
2821921
2821921
2821921
2821921
2821921
2821921
2821921
2821921
2822021
2822021
2822021
2822021
2822021
2822021
2822021
2822021
2822021
2822021
2822021
2822021
2822021
2822021
2822021
2822021
2822021
2822021
2822021
2822021
2822021
2822021
2822021
2822021
2822021
2822021
2822021
2822021
2822021
2822021
2822021
2822122
2822122
2822122
2822122
2822122
2822122
2822122
2822122
2822122
2822122
2822122
2822122
2822122
2822122
2822122
2822122
2822122
2822122
2822122
2822122
2822122
2822122
2822122
2822122
2822122
2822122
2822122
2822122
2822122
2822122
2822122
2822122
2822122
2822122
2822122
2822122
2822221
2822221
2822221
2822221
2822221
2822221
2822221
2822221
2822221
2822221
2822222
2822222
2822222
2822222
2822222
2822222
2822222
2822222
2822222
2822222
2822222
2822222
2822222
2822222
2822222
2822222
2822222
2822222
2822222
2822222
2822322
2822322
2822322
2822322
2822322
2822322
2822322
2822322
2822322
2822322
2822322
2822322
2822322
2822322
2822322
2822322
2822322
2822322
2822322
2822322
2822322
2822322
2822421
2822421
2822421
2822421
2822421
2822421
2822421
2822421
2822421
2822421
2822421
2822421
2822421
2822421
2822421
2822421
2822421
2822421
2822421
2822421
2822421
2822421
2822421
2822421
2822421
2822421
2822521
2822521
2822521
2822521
2822521
2822521
2822521
2822521
2822521
2822521
2822521
2822521
2822521
2822521
2822521
2822521
2822521
2822521
2822521
2822521
2822521
2822521
2822521
2822521
2822622
2822622
2822622
2822622
2822622
2822622
2822622
2822622
2822622
2822622
2822622
2822622
2822622
2822622
2822622
2822622
2822622
2822622
2822622
2822622
2822622
2822622
2822622
2822622
2822622
2822622
2822622
2822622
2822622
2822622
2822622
2822721
2822721
2822721
2822721
2822721
2822721
2822721
2822721
2822721
2822721
2822721
2822721
2822721
2822721
2822721
2822721
2822721
2822721
2822721
2822721
2822721
2822721
2822721
2822721
2822721
2822721
2822721
2822721
2822721
2822821
2822821
2822821
2822821
2822821
2822821
2822821
2822821
2822821
2822821
2822821
2822821
2822821
2822821
2822821
2822821
2822821
2822821
2822821
2822821
2822821
2822821
2822821
2822821
2822821
2822821
2822821
2822821
2822821
2822821
2822821
2822821
2822821
2822922
2822922
2822922
2822922
2822922
2822922
2822922
2822922
2822922
2822922
2822922
2822922
2822922
2822922
2822922
2822922
2822922
2822922
2822922
2822922
2822922
2822922
2822922
2822922
2822922
2822922
2822922
2822922
2822922
2822922
2822922
2822922
2822922
2823021
2823021
2823021
2823021
2823021
2823021
2823021
2823021
2823021
2823021
2823021
2823021
2823021
2823021
2823021
2823021
2823021
2823021
2823021
2823021
2823021
2823021
2823021
2823021
2823021
2823021
2823021
2823021
2823021
2823021
2823021
2823021
2823121
2823121
2823121
2823121
2823121
2823121
2823122
2823122
2823122
2823122
2823122
2823122
2823122
2823122
2823122
2823122
2823122
2823122
2823122
2823122
2823122
2823122
2823122
2823122
2823221
2823221
2823221
2823221
2823221
2823221
2823221
2823221
2823221
2823221
2823221
2823221
2823221
2823221
2823221
2823221
2823221
2823221
2823221
2823221
2823221
2823221
2823221
2823221
2823221
2823221
2823221
2823221
2823221
2823221
2823321
2823321
2823321
2823321
2823321
2823321
2823321
2823321
2823321
2823321
2823321
2823321
2823321
2823321
2823321
2823321
2823321
2823321
2823321
2823321
2823321
2823321
2823321
2823321
2823321
2823321
2823321
2823321
2823321
2823321
2823321
2823421
2823421
2823421
2823421
2823421
2823421
2823421
2823421
2823421
2823421
2823421
2823421
2823421
2823421
2823421
2823421
2823421
2823421
2823421
2823421
2823421
2823421
2823421
2823421
2823421
2823421
2823421
2823421
2823421
2823421
2823421
2823422
2823422
2823422
2823521
2823521
2823521
2823521
2823521
2823521
2823521
2823522
2823522
2823522
2823522
2823522
2823522
2823522
2823522
2823522
2823522
2823522
2823522
2823522
2823522
2823522
2823522
2823522
2823522
2823522
2823522
2823522
2823522
2823522
2823522
2823522
2823522
2823621
2823621
2823621
2823621
2823621
2823621
2823621
2823621
2823621
2823621
2823621
2823621
2823621
2823621
2823621
2823621
2823621
2823621
2823621
2823621
2823621
2823621
2823621
2823621
2823621
2823621
2823621
2823621
2823621
2823621
2823621
2823621
2823621
2823621
2823621
2823621
2823621
2823721
2823721
2823721
2823721
2823721
2823721
2823721
2823721
2823721
2823721
2823721
2823721
2823721
2823721
2823721
2823721
2823721
2823721
2823721
2823721
2823721
2823721
2823721
2823721
2823721
2823721
2823721
2823721
2823721
2823721
2823721
2823721
2823721
2823721
2823721
2823721
2823721
2823721
2823721
2823821
2823821
2823821
2823821
2823821
2823821
2823821
2823821
2823821
2823821
2823821
2823821
2823821
2823821
2823821
2823821
2823821
2823821
2823821
2823821
2823821
2823821
2823821
2823821
2823921
2823921
2823921
2823921
2823921
2823921
2823921
2823921
2823921
2823921
2823921
2823921
2823921
2823921
2823921
2823921
2823921
2823922
2823922
2823922
2823922
2823922
2823922
2823922
2823922
2823922
2823922
2823922
2823922
2823922
2823922
2823922
2823922
2823922
2823922
2823922
2823922
2823922
2823922
2824021
2824021
2824021
2824021
2824021
2824021
2824021
2824021
2824021
2824021
2824021
2824021
2824021
2824021
2824021
2824021
2824021
2824021
2824021
2824021
2824021
2824021
2824021
2824021
2824021
2824021
2824021
2824021
2824021
2824021
2824022
2824022
2824022
2824022
2824022
2824022
2824022
2824022
2824022
2824022
2824022
2824022
2824022
2824022
2824022
2824121
2824121
2824121
2824121
2824121
2824121
2824121
2824121
2824121
2824121
2824121
2824121
2824121
2824121
2824121
2824121
2824121
2824121
2824121
2824121
2824121
2824121
2824121
2824121
2824121
2824121
2824121
2824121
2824121
2824121
2824121
2824221
2824221
2824221
2824221
2824221
2824221
2824221
2824221
2824221
2824221
2824221
2824221
2824221
2824221
2824221
2824221
2824221
2824221
2824221
2824221
2824221
2824221
2824221
2824221
2824221
2824221
2824221
2824322
2824322
2824322
2824322
2824322
2824322
2824322
2824322
2824322
2824322
2824322
2824322
2824322
2824322
2824322
2824322
2824322
2824322
2824322
2824421
2824421
2824421
2824421
2824421
2824421
2824421
2824421
2824421
2824421
2824421
2824422
2824422
2824422
2824422
2824422
2824422
2824422
2824422
2824422
2824422
2824422
2824422
2824422
2824422
2824422
2824422
2824422
2824422
2824422
2824422
2824422
2824422
2824422
2824422
2824521
2824521
2824521
2824521
2824521
2824521
2824521
2824521
2824521
2824521
2824521
2824521
2824521
2824521
2824521
2824521
2824521
2824521
2824521
2824521
2824521
2824521
2824521
2824521
2824521
2824521
2824521
2824521
2824622
2824622
2824622
2824622
2824622
2824622
2824622
2824622
2824622
2824622
2824622
2824622
2824622
2824622
2824622
2824622
2824622
2824622
2824622
2824622
2824622
2824622
2824622
2824622
2824622
2824622
2824622
2824622
2824622
2824622
2824622
2824622
2824622
2824622
2824622
2824622
2824622
2824622
2824721
2824721
2824721
2824721
2824721
2824721
2824721
2824721
2824721
2824721
2824721
2824721
2824721
2824721
2824721
2824721
2824721
2824721
2824721
2824721
2824721
2824721
2824721
2824721
2824721
2824721
2824721
2824721
2824721
2824721
2824721
2824721
2824721
2824721
2824721
2824721
2824721
2824721
2824721
2824821
2824821
2824821
2824821
2824821
2824821
2824821
2824821
2824821
2824821
2824821
2824821
2824821
2824821
2824821
2824821
2824821
2824821
2824821
2824821
2824821
2824821
2824821
2824821
2824821
2824821
2824821
2824821
2824821
2824821
2824821
2824821
2824821
2824821
2824821
2824921
2824921
2824921
2824921
2824921
2824921
2824921
2824921
2824921
2824921
2824921
2824921
2824921
2824921
2824921
2824921
2824921
2824921
2824921
2824921
2824921
2824921
2824921
2824921
2824921
2824921
2824921
2824921
2824921
2824921
2824921
2824921
2824921
2824921
2824921
2824921
2824921
2824921
2824921
2824921
2824921
2824921
2824921
2824921
2825021
2825021
2825021
2825021
2825021
2825021
2825021
2825022
2825022
2825022
2825022
2825022
2825022
2825022
2825022
2825022
2825022
2825022
2825022
2825022
2825022
2825122
2825122
2825122
2825122
2825122
2825122
2825122
2825122
2825122
2825122
2825122
2825122
2825122
2825122
2825122
2825122
2825122
2825122
2825122
2825122
2825122
2825122
2825122
2825122
2825122
2825122
2825122
2825122
2825122
2825122
2825122
2825122
2825122
2825122
2825122
2825222
2825222
2825222
2825222
2825222
2825222
2825222
2825222
2825222
2825222
2825222
2825222
2825222
2825222
2825222
2825222
2825222
2825222
2825222
2825222
2825222
2825222
2825222
2825222
2825222
2825222
2825222
2825222
2825222
2825222
2825321
2825321
2825321
2825321
2825321
2825321
2825321
2825321
2825321
2825321
2825321
2825321
2825321
2825321
2825321
2825321
2825321
2825321
2825321
2825321
2825321
2825321
2825321
2825321
2825421
2825421
2825421
2825421
2825421
2825421
2825421
2825421
2825421
2825421
2825421
2825421
2825421
2825421
2825421
2825421
2825421
2825421
2825421
2825421
2825421
2825421
2825421
2825421
2825421
2825421
2825421
2825421
2825421
2825421
2825421
2825421
2825522
2825522
2825522
2825522
2825522
2825522
2825522
2825522
2825522
2825522
2825522
2825522
2825522
2825522
2825522
2825522
2825522
2825522
2825522
2825522
2825522
2825522
2825522
2825522
2825522
2825522
2825522
2825522
2825522
2825522
2825522
2825522
2825621
2825621
2825621
2825621
2825621
2825621
2825621
2825621
2825621
2825621
2825621
2825621
2825621
2825621
2825621
2825621
2825621
2825621
2825621
2825621
2825621
2825621
2825621
2825621
2825721
2825721
2825721
2825721
2825721
2825721
2825721
2825721
2825721
2825721
2825721
2825721
2825721
2825721
2825721
2825721
2825721
2825721
2825721
2825721
2825721
2825721
2825721
2825721
2825721
2825721
2825822
2825822
2825822
2825822
2825822
2825822
2825822
2825822
2825822
2825822
2825822
2825822
2825822
2825822
2825822
2825822
2825822
2825822
2825822
2825822
2825822
2825822
2825822
2825822
2825822
2825822
2825822
2825921
2825921
2825921
2825921
2825921
2825921
2825921
2825921
2825921
2825921
2825921
2825921
2825921
2825921
2825921
2825921
2825921
2825921
2825921
2825921
2825921
2825921
2825921
2825921
2825921
2825921
2825921
2825921
2825921
2826022
2826022
2826022
2826022
2826022
2826022
2826022
2826022
2826022
2826022
2826022
2826022
2826022
2826022
2826022
2826022
2826022
2826022
2826022
2826022
2826022
2826022
2826022
2826022
2826022
2826022
2826022
2826022
2826022
2826022
2826022
2826022
2826121
2826121
2826121
2826121
2826121
2826121
2826121
2826121
2826121
2826121
2826121
2826121
2826121
2826121
2826121
2826121
2826121
2826121
2826121
2826121
2826121
2826121
2826121
2826121
2826121
2826121
2826121
2826121
2826121
2826121
2826121
2826121
2826121
2826221
2826222
2826222
2826222
2826222
2826222
2826222
2826222
2826222
2826222
2826222
2826222
2826222
2826222
2826222
2826222
2826222
2826222
2826222
2826222
2826222
2826222
2826222
2826222
2826222
2826222
2826222
2826222
2826222
2826222
2826222
2826222
2826222
2826222
2826222
2826222
2826321
2826321
2826321
2826321
2826321
2826321
2826321
2826321
2826321
2826321
2826321
2826321
2826321
2826321
2826321
2826321
2826321
2826321
2826321
2826321
2826321
2826321
2826321
2826321
2826321
2826321
2826321
2826321
2826321
2826321
2826321
2826321
2826321
2826321
2826321
2826421
2826421
2826421
2826421
2826421
2826421
2826421
2826421
2826421
2826421
2826421
2826421
2826421
2826421
2826421
2826421
2826421
2826421
2826421
2826421
2826421
2826421
2826421
2826421
2826421
2826421
2826421
2826421
2826421
2826421
2826421
2826421
2826421
2826421
2826421
2826421
2826522
2826522
2826522
2826522
2826522
2826522
2826522
2826522
2826522
2826522
2826522
2826522
2826522
2826522
2826522
2826522
2826522
2826522
2826522
2826522
2826522
2826522
2826522
2826522
2826522
2826522
2826522
2826522
2826522
2826522
2826522
2826522
2826522
2826621
2826621
2826621
2826621
2826621
2826621
2826621
2826621
2826621
2826621
2826621
2826621
2826621
2826621
2826621
2826621
2826621
2826621
2826621
2826621
2826621
2826621
2826621
2826621
2826621
2826621
2826621
2826621
2826621
2826621
2826621
2826621
2826621
2826721
2826721
2826721
2826721
2826721
2826721
2826721
2826721
2826721
2826721
2826721
2826721
2826721
2826721
2826721
2826721
2826721
2826721
2826721
2826721
2826721
2826721
2826721
2826721
2826721
2826721
2826721
2826721
2826721
2826821
2826821
2826821
2826821
2826821
2826821
2826821
2826821
2826821
2826821
2826821
2826822
2826822
2826822
2826822
2826822
2826822
2826822
2826822
2826822
2826822
2826921
2826921
2826921
2826921
2826921
2826921
2826921
2826921
2826921
2826921
2826921
2826921
2826921
2826921
2826921
2826921
2826921
2826921
2826921
2826921
2826921
2826921
2826921
2826921
2826921
2826921
2826921
2826921
2826921
2826921
2826921
2826921
2826921
2826921
2826921
2826921
2826921
2826921
2826921
2827021
2827021
2827021
2827021
2827021
2827021
2827021
2827021
2827021
2827021
2827021
2827021
2827021
2827021
2827021
2827021
2827021
2827021
2827021
2827021
2827021
2827021
2827021
2827021
2827021
2827021
2827021
2827021
2827021
2827121
2827121
2827121
2827121
2827121
2827121
2827121
2827121
2827121
2827121
2827121
2827121
2827121
2827121
2827121
2827121
2827121
2827121
2827121
2827121
2827121
2827121
2827121
2827121
2827222
2827222
2827222
2827222
2827222
2827222
2827222
2827222
2827222
2827222
2827222
2827222
2827222
2827222
2827222
2827222
2827222
2827222
2827222
2827222
2827222
2827222
2827222
2827222
2827222
2827222
2827222
2827222
2827222
2827222
2827222
2827222
2827222
2827222
2827222
2827321
2827321
2827321
2827321
2827321
2827321
2827321
2827321
2827321
2827321
2827321
2827321
2827321
2827321
2827321
2827321
2827321
2827321
2827321
2827321
2827321
2827321
2827321
2827321
2827321
2827321
2827321
2827321
2827321
2827421
2827421
2827421
2827421
2827421
2827421
2827421
2827421
2827421
2827421
2827421
2827421
2827421
2827421
2827421
2827421
2827421
2827421
2827421
2827421
2827421
2827421
2827421
2827421
2827421
2827421
2827421
2827421
2827421
2827421
2827421
2827421
2827421
2827522
2827522
2827522
2827522
2827522
2827522
2827522
2827522
2827522
2827522
2827522
2827522
2827522
2827522
2827522
2827522
2827522
2827523
2827523
2827523
2827523
2827523
2827523
2827523
2827523
2827523
2827523
2827523
2827523
2827523
2827523
2827524
2827524
2827621
2827621
2827621
2827621
2827621
2827621
2827621
2827621
2827621
2827621
2827621
2827621
2827621
2827621
2827621
2827621
2827621
2827621
2827621
2827621
2827621
2827621
2827621
2827621
2827722
2827722
2827722
2827722
2827722
2827722
2827722
2827722
2827722
2827722
2827722
2827722
2827722
2827722
2827722
2827722
2827722
2827722
2827722
2827722
2827822
2827822
2827822
2827822
2827822
2827822
2827822
2827822
2827822
2827822
2827822
2827822
2827822
2827822
2827822
2827822
2827822
2827822
2827822
2827822
2827822
2827822
2827822
2827822
2827822
2827822
2827822
2827822
2827822
2827822
2827822
2827822
2827822
2827822
2827822
2827822
2827822
2827822
2827822
2827822
2827822
2827822
2827921
2827921
2827921
2827922
2827922
2827922
2827922
2827922
2827922
2827922
2827922
2827922
2827922
2827922
2827922
2827922
2827922
2827922
2827922
2827922
2827922
2827922
2827922
2827922
2827922
2827922
2827922
2827922
2827922
2827922
2827922
2828021
2828021
2828021
2828021
2828021
2828021
2828021
2828021
2828021
2828021
2828021
2828021
2828021
2828021
2828021
2828021
2828021
2828021
2828021
2828021
2828021
2828021
2828021
2828021
2828021
2828021
2828021
2828121
2828121
2828121
2828121
2828121
2828121
2828121
2828121
2828122
2828122
2828122
2828122
2828122
2828122
2828122
2828122
2828122
2828122
2828122
2828122
2828122
2828122
2828122
2828221
2828221
2828221
2828221
2828221
2828221
2828221
2828221
2828221
2828221
2828221
2828221
2828221
2828221
2828221
2828221
2828221
2828221
2828221
2828221
2828221
2828221
2828221
2828221
2828221
2828221
2828221
2828221
2828221
2828221
2828221
2828321
2828321
2828321
2828321
2828321
2828321
2828321
2828321
2828321
2828321
2828321
2828321
2828321
2828321
2828321
2828321
2828321
2828321
2828321
2828321
2828321
2828321
2828321
2828322
2828322
2828322
2828322
2828322
2828322
2828322
2828322
2828322
2828322
2828322
2828322
2828421
2828421
2828421
2828421
2828421
2828421
2828421
2828421
2828421
2828421
2828421
2828421
2828421
2828421
2828421
2828421
2828421
2828421
2828421
2828421
2828421
2828421
2828421
2828421
2828421
2828421
2828421
2828421
2828421
2828421
2828421
2828421
2828421
2828521
2828521
2828521
2828521
2828521
2828521
2828521
2828521
2828521
2828521
2828521
2828521
2828521
2828521
2828521
2828521
2828521
2828521
2828521
2828521
2828521
2828521
2828521
2828521
2828521
2828521
2828521
2828622
2828622
2828622
2828622
2828622
2828622
2828622
2828622
2828622
2828622
2828622
2828622
2828622
2828622
2828622
2828622
2828622
2828622
2828622
2828622
2828622
2828622
2828622
2828622
2828622
2828622
2828622
2828622
2828622
2828721
2828721
2828721
2828721
2828721
2828721
2828721
2828721
2828721
2828721
2828721
2828721
2828721
2828721
2828721
2828721
2828721
2828721
2828721
2828721
2828721
2828721
2828721
2828721
2828721
2828721
2828721
2828721
2828721
2828721
2828721
2828721
2828822
2828822
2828822
2828822
2828822
2828822
2828822
2828822
2828822
2828822
2828822
2828822
2828822
2828822
2828822
2828822
2828822
2828822
2828822
2828822
2828822
2828822
2828822
2828822
2828822
2828822
2828822
2828921
2828921
2828921
2828921
2828921
2828921
2828921
2828921
2828921
2828921
2828921
2828921
2828921
2828921
2828921
2828921
2828921
2828921
2828921
2828921
2828921
2828921
2828921
2828921
2828921
2828921
2828921
2828921
2828921
2828921
2828921
2829021
2829021
2829021
2829021
2829021
2829021
2829021
2829021
2829021
2829021
2829021
2829021
2829021
2829021
2829021
2829021
2829021
2829021
2829021
2829021
2829122
2829122
2829122
2829122
2829122
2829122
2829122
2829122
2829122
2829122
2829122
2829122
2829122
2829122
2829122
2829122
2829122
2829122
2829122
2829122
2829122
2829122
2829122
2829122
2829122
2829122
2829122
2829122
2829122
2829122
2829122
2829221
2829221
2829221
2829221
2829221
2829221
2829221
2829221
2829221
2829221
2829221
2829221
2829221
2829221
2829221
2829221
2829221
2829221
2829221
2829221
2829221
2829221
2829221
2829221
2829221
2829221
2829221
2829221
2829321
2829321
2829321
2829321
2829321
2829321
2829321
2829321
2829321
2829321
2829321
2829321
2829321
2829321
2829321
2829321
2829321
2829321
2829321
2829321
2829321
2829321
2829321
2829321
2829321
2829321
2829321
2829321
2829321
2829321
2829321
2829321
2829321
2829321
2829321
2829321
2829321
2829421
2829421
2829421
2829421
2829421
2829421
2829421
2829421
2829421
2829421
2829421
2829421
2829421
2829421
2829421
2829421
2829421
2829421
2829421
2829421
2829421
2829421
2829421
2829421
2829421
2829421
2829421
2829421
2829421
2829421
2829421
2829421
2829421
2829421
2829421
2829421
2829421
2829421
2829421
2829521
2829521
2829521
2829521
2829521
2829521
2829521
2829521
2829521
2829521
2829521
2829521
2829521
2829521
2829521
2829521
2829521
2829521
2829521
2829521
2829521
2829521
2829521
2829521
2829521
2829521
2829521
2829521
2829521
2829521
2829521
2829521
2829521
2829521
2829521
2829521
2829521
2829521
2829521
2829621
2829621
2829621
2829621
2829621
2829621
2829621
2829621
2829621
2829621
2829621
2829621
2829621
2829621
2829621
2829621
2829621
2829621
2829621
2829621
2829621
2829621
2829621
2829621
2829621
2829621
2829621
2829621
2829621
2829621
2829621
2829621
2829621
2829621
2829621
2829621
2829621
2829621
2829621
2829721
2829721
2829721
2829721
2829721
2829721
2829721
2829721
2829721
2829721
2829721
2829721
2829721
2829721
2829721
2829721
2829721
2829721
2829721
2829721
2829721
2829721
2829721
2829721
2829721
2829721
2829721
2829721
2829721
2829721
2829721
2829721
2829721
2829721
2829721
2829721
2829721
2829721
2829821
2829821
2829821
2829821
2829821
2829821
2829821
2829821
2829821
2829821
2829821
2829821
2829821
2829821
2829821
2829821
2829821
2829821
2829821
2829821
2829821
2829821
2829821
2829821
2829821
2829821
2829821
2829821
2829821
2829821
2829821
2829821
2829821
2829922
2829922
2829922
2829922
2829922
2829922
2829922
2829922
2829922
2829922
2829922
2829922
2829922
2829922
2829922
2829922
2829922
2829922
2829922
2829922
2829922
2829922
2829922
2829922
2829922
2829922
2829922
2829922
2829922
2829922
2829922
2829922
2829922
2830021
2830021
2830021
2830021
2830021
2830021
2830021
2830021
2830021
2830021
2830021
2830021
2830022
2830022
2830022
2830022
2830022
2830022
2830022
2830022
2830022
2830022
2830022
2830022
2830022
2830022
2830022
2830022
2830121
2830121
2830121
2830121
2830121
2830121
2830121
2830121
2830121
2830121
2830121
2830121
2830121
2830121
2830121
2830121
2830121
2830121
2830121
2830121
2830121
2830121
2830121
2830121
2830121
2830121
2830121
2830121
2830121
2830121
2830121
2830121
2830121
2830221
2830221
2830221
2830221
2830221
2830221
2830221
2830221
2830221
2830221
2830221
2830221
2830221
2830221
2830221
2830221
2830221
2830221
2830221
2830221
2830221
2830221
2830221
2830221
2830221
2830221
2830221
2830221
2830221
2830221
2830221
2830221
2830221
2830321
2830321
2830321
2830321
2830321
2830322
2830322
2830322
2830322
2830322
2830322
2830322
2830322
2830322
2830322
2830322
2830322
2830322
2830322
2830322
2830322
2830322
2830421
2830421
2830421
2830421
2830421
2830421
2830421
2830421
2830421
2830421
2830421
2830421
2830421
2830421
2830421
2830421
2830421
2830421
2830421
2830421
2830421
2830421
2830421
2830421
2830421
2830421
2830421
2830421
2830521
2830521
2830521
2830521
2830521
2830521
2830521
2830521
2830521
2830521
2830521
2830521
2830521
2830521
2830521
2830521
2830521
2830522
2830522
2830522
2830522
2830522
2830522
2830522
2830522
2830522
2830522
2830522
2830522
2830522
2830622
2830622
2830622
2830622
2830622
2830622
2830622
2830622
2830622
2830622
2830622
2830622
2830622
2830622
2830622
2830622
2830622
2830622
2830622
2830622
2830622
2830622
2830622
2830622
2830622
2830622
2830622
2830721
2830721
2830721
2830721
2830721
2830721
2830721
2830721
2830721
2830721
2830721
2830721
2830721
2830721
2830721
2830721
2830721
2830721
2830721
2830721
2830721
2830721
2830721
2830721
2830721
2830821
2830821
2830821
2830821
2830821
2830821
2830821
2830821
2830821
2830821
2830821
2830821
2830821
2830821
2830821
2830821
2830821
2830821
2830821
2830821
2830821
2830821
2830821
2830821
2830821
2830821
2830821
2830821
2830821
2830921
2830921
2830921
2830921
2830921
2830921
2830921
2830921
2830921
2830921
2830921
2830921
2830921
2830921
2830921
2830921
2830921
2830921
2830921
2830921
2830921
2830921
2830921
2830921
2830921
2830921
2830921
2830921
2830921
2830921
2830921
2830921
2830921
2830921
2830921
2830921
2830921
2830921
2830921
2831021
2831021
2831021
2831021
2831021
2831021
2831021
2831021
2831021
2831021
2831021
2831021
2831021
2831021
2831021
2831021
2831021
2831021
2831021
2831021
2831021
2831021
2831021
2831021
2831021
2831021
2831021
2831021
2831021
2831021
2831021
2831121
2831121
2831121
2831121
2831121
2831121
2831121
2831121
2831121
2831121
2831121
2831121
2831121
2831121
2831121
2831121
2831121
2831121
2831121
2831121
2831121
2831121
2831121
2831121
2831121
2831121
2831121
2831121
2831121
2831121
2831121
2831121
2831121
2831121
2831121
2831221
2831221
2831221
2831221
2831221
2831221
2831221
2831221
2831221
2831221
2831221
2831221
2831221
2831221
2831221
2831221
2831221
2831221
2831221
2831221
2831221
2831221
2831321
2831321
2831321
2831321
2831321
2831321
2831321
2831322
2831322
2831322
2831322
2831322
2831322
2831322
2831322
2831322
2831322
2831322
2831322
2831322
2831322
2831322
2831322
2831322
2831322
2831322
2831322
2831322
2831322
2831322
2831322
2831421
2831421
2831421
2831421
2831421
2831421
2831421
2831421
2831421
2831421
2831421
2831421
2831421
2831421
2831421
2831421
2831421
2831421
2831421
2831421
2831421
2831421
2831421
2831421
2831421
2831421
2831421
2831521
2831521
2831521
2831521
2831521
2831521
2831521
2831521
2831521
2831521
2831521
2831521
2831521
2831521
2831521
2831521
2831521
2831521
2831521
2831521
2831521
2831521
2831521
2831521
2831521
2831521
2831622
2831622
2831622
2831622
2831622
2831622
2831622
2831622
2831622
2831622
2831622
2831622
2831622
2831622
2831622
2831622
2831622
2831622
2831622
2831622
2831622
2831622
2831622
2831622
2831622
2831622
2831622
2831622
2831622
2831622
2831622
2831721
2831721
2831721
2831721
2831721
2831721
2831721
2831721
2831721
2831721
2831721
2831721
2831721
2831721
2831721
2831721
2831721
2831721
2831721
2831721
2831721
2831721
2831721
2831721
2831721
2831721
2831721
2831721
2831721
2831721
2831821
2831821
2831821
2831821
2831821
2831821
2831821
2831821
2831821
2831821
2831821
2831821
2831821
2831821
2831821
2831821
2831821
2831821
2831821
2831821
2831821
2831821
2831821
2831821
2831821
2831821
2831921
2831921
2831921
2831921
2831921
2831921
2831921
2831921
2831921
2831921
2831921
2831921
2831921
2831921
2831921
2831921
2831922
2831922
2831922
2831922
2831922
2831922
2831922
2831922
2831922
2831922
2831922
2831922
2831922
2831922
2831922
2831922
2831922
2831922
2831922
2831922
2831922
2831922
2832021
2832021
2832021
2832021
2832021
2832021
2832021
2832021
2832021
2832021
2832021
2832021
2832021
2832021
2832021
2832021
2832021
2832021
2832021
2832021
2832021
2832021
2832021
2832021
2832021
2832021
2832121
2832121
2832121
2832121
2832121
2832121
2832121
2832121
2832121
2832121
2832121
2832121
2832121
2832121
2832121
2832121
2832121
2832121
2832121
2832121
2832121
2832121
2832121
2832121
2832121
2832121
2832121
2832121
2832121
2832121
2832121
2832121
2832121
2832221
2832221
2832221
2832221
2832221
2832221
2832221
2832221
2832221
2832221
2832221
2832221
2832221
2832221
2832221
2832221
2832221
2832221
2832221
2832221
2832221
2832221
2832221
2832221
2832221
2832221
2832221
2832221
2832221
2832221
2832321
2832321
2832321
2832321
2832321
2832321
2832321
2832321
2832321
2832321
2832321
2832321
2832321
2832321
2832321
2832321
2832321
2832321
2832321
2832321
2832321
2832321
2832321
2832321
2832421
2832421
2832421
2832421
2832421
2832421
2832421
2832421
2832421
2832421
2832421
2832421
2832421
2832421
2832421
2832421
2832421
2832421
2832421
2832421
2832421
2832421
2832421
2832421
2832421
2832421
2832421
2832521
2832521
2832521
2832521
2832521
2832521
2832521
2832521
2832521
2832521
2832521
2832521
2832521
2832521
2832521
2832522
2832522
2832522
2832522
2832522
2832522
2832522
2832522
2832621
2832621
2832621
2832621
2832621
2832621
2832621
2832621
2832621
2832621
2832621
2832621
2832621
2832621
2832621
2832621
2832621
2832622
2832622
2832622
2832622
2832622
2832622
2832722
2832722
2832722
2832722
2832722
2832722
2832722
2832722
2832722
2832722
2832722
2832722
2832722
2832722
2832722
2832722
2832722
2832722
2832722
2832722
2832722
2832722
2832722
2832722
2832722
2832722
2832722
2832821
2832821
2832821
2832821
2832821
2832821
2832821
2832821
2832821
2832821
2832821
2832821
2832821
2832821
2832821
2832821
2832822
2832822
2832822
2832822
2832921
2832921
2832921
2832921
2832921
2832921
2832921
2832921
2832921
2832921
2832921
2832921
2832921
2832921
2832921
2832921
2832921
2832921
2832921
2832921
2832921
2832921
2832921
2832921
2832921
2832921
2832921
2832921
2832921
2832921
2833021
2833021
2833021
2833021
2833021
2833021
2833021
2833021
2833021
2833021
2833021
2833021
2833021
2833021
2833021
2833021
2833021
2833021
2833021
2833021
2833021
2833021
2833021
2833021
2833021
2833021
2833021
2833021
2833021
2833021
2833021
2833021
2833021
2833021
2833021
2833021
2833021
2833021
2833021
2833121
2833121
2833121
2833121
2833121
2833121
2833121
2833121
2833121
2833121
2833121
2833121
2833121
2833121
2833121
2833121
2833121
2833121
2833121
2833121
2833121
2833121
2833121
2833121
2833121
2833121
2833222
2833222
2833222
2833222
2833222
2833222
2833222
2833222
2833222
2833222
2833222
2833222
2833222
2833222
2833222
2833222
2833222
2833222
2833222
2833222
2833321
2833321
2833321
2833321
2833321
2833321
2833321
2833321
2833321
2833321
2833321
2833321
2833321
2833321
2833321
2833321
2833321
2833321
2833321
2833321
2833321
2833321
2833321
2833321
2833421
2833421
2833421
2833421
2833421
2833421
2833421
2833421
2833421
2833421
2833421
2833421
2833421
2833421
2833421
2833421
2833421
2833421
2833421
2833421
2833522
2833522
2833522
2833522
2833522
2833522
2833522
2833522
2833522
2833522
2833522
2833522
2833522
2833522
2833522
2833522
2833522
2833522
2833522
2833522
2833522
2833621
2833621
2833621
2833621
2833621
2833621
2833621
2833621
2833621
2833621
2833621
2833621
2833621
2833621
2833621
2833621
2833621
2833621
2833721
2833721
2833721
2833721
2833721
2833721
2833721
2833721
2833721
2833721
2833721
2833721
2833721
2833721
2833721
2833721
2833721
2833721
2833721
2833721
2833721
2833821
2833821
2833821
2833821
2833821
2833821
2833821
2833821
2833821
2833821
2833821
2833821
2833821
2833821
2833821
2833821
2833821
2833821
2833821
2833821
2833821
2833821
2833821
2833821
2833921
2833921
2833921
2833921
2833921
2833921
2833921
2833921
2833921
2833921
2833921
2834021
2834021
2834021
2834021
2834021
2834021
2834021
2834021
2834021
2834021
2834021
2834021
2834021
2834122
2834122
2834122
2834122
2834122
2834122
2834122
2834122
2834122
2834122
2834122
2834221
2834221
2834221
2834221
2834221
2834221
2834221
2834221
2834221
2834221
2834221
2834221
2834221
2834221
2834321
2834321
2834321
2834321
2834321
2834321
2834321
2834321
2834321
2834321
2834321
2834321
2834321
2834321
2834321
2834321
2834321
2834321
2834321
2834422
2834422
2834422
2834422
2834422
2834422
2834422
2834422
2834422
2834422
2834521
2834521
2834521
2834521
2834521
2834521
2834521
2834521
2834521
2834521
2834621
2834621
2834621
2834621
2834621
2834621
2834621
2834621
2834721
2834721
2834721
2834721
2834721
2834721
2834821
2834821
2834821
2834821
2834821
2834821
2834821
2834821
2834921
2834921
2834921
2834921
2834921
2834921
2835021
2835021
2835021
2835021
2835021
2835021
2835121
2835121
2835121
2835121
2835222
2835222
2835321
2835321
2835421
2835421
2835421
2835521
2835521
2835521
2835622
2835622
2835622
2835622
2835622
2835622
2835622
2835622
2835821
2835921
2835921
2836021
2836021
2836421
2836421
2836522
2836921
2837021
2837122
2837221
2837322
2837478
